50	
0	1	11	12	0	0	10	336	327	5	0	27	4716	3601	24	0	9	418	401	13	0	2	11	7	1	3	65	0	10000	13.5	0.5	24.55
0	0	4	9	0	0	10	354	321	7	0	17	4859	3491	16	1	13	407	382	12	0	1	10	9	1	8	68	0	10000	13.5	0.5	23.65
0	0	3	6	1	1	10	346	360	9	2	29	4816	3514	24	0	7	418	358	13	0	1	7	11	0	6	58	0	10000	13.5	0.5	22.75
0	0	9	5	0	0	15	326	303	8	1	25	4885	3525	14	0	19	374	376	12	0	3	16	6	0	10	68	0	10000	13.5	0.5	21.85
0	0	4	7	1	0	17	337	323	5	0	28	4863	3516	23	1	12	413	359	9	0	2	14	6	0	6	54	0	10000	13.5	0.5	20.95
0	0	10	15	0	0	11	370	354	10	1	21	4848	3457	22	0	13	425	362	7	0	0	4	10	1	1	58	0	10000	13.5	0.5	20.05
0	0	8	6	0	0	7	328	337	7	0	24	4842	3578	11	0	11	378	359	16	0	0	7	13	0	5	63	0	10000	13.5	0.5	19.15
0	1	9	13	2	0	13	352	310	12	1	16	4845	3513	21	0	14	393	381	12	0	3	7	17	1	6	58	0	10000	13.5	0.5	18.25
0	1	5	13	0	0	7	337	343	7	1	24	4790	3512	21	0	11	415	397	9	0	3	9	14	1	3	77	0	10000	13.5	0.5	17.35
1	1	5	8	2	0	14	341	328	9	0	27	4733	3550	13	0	8	434	388	14	0	3	11	5	1	6	98	0	10000	13.5	0.5	16.45
0	1	7	10	2	0	20	409	346	8	1	31	4730	3425	23	0	9	461	401	11	1	1	10	5	0	10	78	0	10000	13.5	0.5	15.55
0	2	3	5	0	1	15	389	359	9	0	30	4821	3385	17	0	14	420	402	11	0	1	3	9	0	5	99	0	10000	13.5	0.5	14.65
0	0	11	3	1	0	17	391	354	10	0	33	4771	3417	21	2	11	444	381	14	0	1	13	3	0	1	101	0	10000	13.5	0.5	13.75
0	0	10	6	0	0	12	377	360	6	0	27	4641	3447	23	0	11	447	476	10	0	0	7	11	1	6	122	0	10000	13.5	0.5	12.85
0	1	8	3	0	0	15	386	388	14	1	46	4628	3423	19	1	13	461	426	12	0	1	8	7	2	10	127	0	10000	13.5	0.5	11.95
0	0	10	9	1	1	18	428	387	12	0	21	4536	3397	20	0	11	508	443	11	0	0	9	11	0	7	160	0	10000	13.5	0.5	11.05
0	1	11	7	1	1	10	398	401	8	1	37	4461	3480	30	0	14	521	417	15	0	0	14	6	0	9	157	0	10000	13.5	0.5	10.15
0	4	9	10	0	0	22	427	397	15	0	34	4454	3378	23	0	14	557	433	13	0	1	9	14	1	11	174	0	10000	13.5	0.5	9.25
0	0	8	12	0	0	13	454	432	5	1	44	4354	3416	29	0	19	502	451	6	0	1	5	11	2	6	229	0	10000	13.5	0.5	8.35
0	2	7	5	0	0	12	425	423	18	1	35	4429	3262	29	0	21	547	494	10	0	1	13	14	0	10	242	0	10000	13.5	0.5	7.45
1	0	9	9	0	0	13	433	387	14	1	39	4313	3402	26	0	14	492	529	13	0	1	15	5	0	8	276	0	10000	13.5	0.5	6.55
0	1	12	12	0	0	25	412	423	16	1	44	4278	3317	36	0	24	515	480	11	0	1	13	17	1	5	356	0	10000	13.5	0.5	5.65
0	0	15	12	1	0	23	433	403	15	0	37	4163	3348	30	0	18	520	451	15	0	1	14	10	0	7	484	0	10000	13.5	0.5	4.75
0	1	10	10	1	0	17	475	416	13	0	35	3921	3130	29	0	25	483	435	14	0	1	7	18	1	11	947	0	10000	13.5	0.5	3.85
0	0	16	10	1	0	15	378	386	8	2	34	3568	2868	35	0	15	471	444	14	0	1	8	6	2	11	1707	0	10000	13.5	0.5	2.95
0	1	4	5	1	0	22	360	320	14	1	33	3122	2510	37	0	22	428	395	12	0	1	12	9	0	17	2674	0	10000	13.5	0.5	2.05
0	0	7	5	1	0	9	281	277	9	0	36	2649	2030	14	1	18	374	295	12	0	2	7	5	4	12	3952	0	10000	13.5	0.5	1.15
0	2	6	7	1	1	12	257	218	8	1	28	1938	1578	17	2	7	257	238	6	0	1	5	4	0	20	5386	0	10000	13.5	0.5	0.25
0	0	3	2	0	0	8	167	185	3	0	23	1462	1208	14	1	5	207	193	5	0	1	9	4	0	29	6471	0	10000	13.5	0.5	-0.65
0	1	1	2	1	0	2	148	119	0	0	19	1071	874	8	0	9	190	149	9	0	0	7	5	0	26	7359	0	10000	13.5	0.5	-1.55
0	0	0	3	0	0	2	101	107	2	1	11	785	650	10	0	4	114	121	3	0	1	1	4	0	37	8043	0	10000	13.5	0.5	-2.45
0	1	3	2	0	0	3	89	74	2	0	11	610	532	5	0	5	76	88	2	0	0	2	1	0	47	8447	0	10000	13.5	0.5	-3.35
0	0	1	0	0	0	4	62	52	0	0	3	455	388	4	0	5	82	68	1	0	0	1	2	0	64	8808	0	10000	13.5	0.5	-4.25
0	0	0	1	0	0	2	52	36	1	0	8	326	314	3	0	4	42	58	1	0	1	1	2	1	92	9055	0	10000	13.5	0.5	-5.15
0	0	1	1	1	0	0	32	30	4	0	3	248	198	2	0	2	34	42	1	0	0	2	1	1	103	9294	0	10000	13.5	0.5	-6.05
0	0	1	1	0	0	0	34	32	1	0	6	165	162	3	0	1	16	36	1	0	0	1	0	0	142	9398	0	10000	13.5	0.5	-6.95
0	0	0	0	0	0	4	15	16	1	0	2	153	127	4	0	1	34	14	0	0	0	1	2	0	199	9427	0	10000	13.5	0.5	-7.85
0	0	0	1	0	0	0	15	18	0	0	1	99	101	2	0	0	16	21	0	0	0	2	0	0	236	9488	0	10000	13.5	0.5	-8.75
0	0	0	1	0	0	0	9	7	0	0	0	75	66	1	0	2	11	10	1	0	0	0	0	0	362	9455	0	10000	13.5	0.5	-9.65
0	0	0	0	0	0	0	8	7	1	0	0	45	60	0	0	0	16	13	0	0	0	0	1	0	441	9408	0	10000	13.5	0.5	-10.55
0	0	1	0	0	0	0	4	7	0	0	1	27	43	0	0	1	9	6	1	0	0	0	0	0	544	9356	0	10000	13.5	0.5	-11.45
0	0	0	0	0	0	1	9	5	0	0	2	35	33	1	0	0	5	5	0	0	0	0	0	0	792	9112	0	10000	13.5	0.5	-12.35
0	0	0	0	0	0	0	8	10	0	0	2	26	18	0	0	0	3	6	0	0	0	0	0	0	962	8965	0	10000	13.5	0.5	-13.25
0	0	0	0	0	0	0	2	6	0	0	1	12	10	0	0	0	9	3	0	0	0	0	0	0	1369	8588	0	10000	13.5	0.5	-14.15
0	0	0	0	0	0	0	1	6	0	0	1	5	12	0	0	0	2	2	0	0	0	0	0	0	1821	8150	0	10000	13.5	0.5	-15.05
0	0	0	0	0	0	0	1	1	0	0	0	3	11	0	0	0	4	3	0	0	0	0	0	0	2409	7568	0	10000	13.5	0.5	-15.95
0	0	0	0	0	0	0	1	1	0	0	0	2	6	0	0	0	1	2	0	0	0	0	0	0	3315	6672	0	10000	13.5	0.5	-16.85
0	0	0	0	0	0	0	1	1	0	0	0	4	9	0	0	0	1	0	0	0	0	0	0	0	4210	5774	0	10000	13.5	0.5	-17.75
0	0	0	0	0	0	0	0	2	0	0	0	2	0	0	0	0	2	0	0	0	0	0	0	0	5714	4280	0	10000	13.5	0.5	-18.65
0	0	0	0	0	0	0	1	1	0	0	0	1	1	0	0	0	0	0	0	0	0	0	0	0	7354	2642	0	10000	13.5	0.5	-19.55
