50	
0	0	3	0	0	0	8	52	38	2	0	62	5241	1164	13	0	61	2407	802	7	0	3	26	28	1	3	79	0	10000	7.5	10.5	24.55
0	0	1	2	0	0	5	50	52	4	1	71	5324	1108	14	0	66	2411	767	8	0	7	20	26	1	11	51	0	10000	7.5	10.5	23.65
0	1	2	0	0	0	10	64	47	4	0	69	5241	1133	8	0	63	2413	791	8	0	4	32	26	1	7	76	0	10000	7.5	10.5	22.75
1	0	1	0	0	0	7	69	46	3	1	80	5283	1113	15	1	63	2388	759	12	0	1	38	37	1	5	76	0	10000	7.5	10.5	21.85
0	0	0	1	0	0	9	63	50	5	0	63	5364	1090	10	1	67	2413	742	6	0	3	28	18	3	7	57	0	10000	7.5	10.5	20.95
0	0	1	1	0	0	8	68	49	0	2	81	5298	1110	13	3	55	2354	806	9	0	5	35	27	0	9	66	0	10000	7.5	10.5	20.05
0	0	0	1	0	2	6	67	52	0	0	62	5317	1109	13	0	59	2370	789	8	1	1	32	28	1	7	75	0	10000	7.5	10.5	19.15
0	2	1	1	0	1	8	65	50	2	2	79	5264	1098	14	0	85	2444	713	10	0	4	39	33	2	7	76	0	10000	7.5	10.5	18.25
0	0	1	0	0	0	5	72	55	3	1	90	5327	1091	14	0	65	2353	774	14	0	7	31	23	1	5	68	0	10000	7.5	10.5	17.35
0	0	3	1	0	2	13	74	39	1	2	81	5315	1122	18	0	59	2334	755	11	0	7	44	29	2	2	86	0	10000	7.5	10.5	16.45
0	0	1	1	0	0	5	75	55	2	1	86	5176	1152	9	1	81	2367	804	13	0	5	35	31	0	7	93	0	10000	7.5	10.5	15.55
0	0	0	0	0	0	8	71	57	0	1	101	5072	1159	14	1	77	2434	786	13	0	7	40	34	2	6	117	0	10000	7.5	10.5	14.65
0	0	1	2	0	1	7	87	47	1	0	88	5055	1163	16	0	74	2432	815	16	0	2	37	29	5	7	115	0	10000	7.5	10.5	13.75
0	0	4	1	0	0	18	71	56	1	0	81	4962	1178	15	2	67	2487	829	18	0	5	38	26	1	6	134	0	10000	7.5	10.5	12.85
0	0	1	0	0	0	10	75	60	3	1	109	4872	1174	18	2	73	2577	814	8	0	3	34	28	5	9	124	0	10000	7.5	10.5	11.95
0	0	2	2	0	0	13	86	64	3	1	108	4881	1227	14	0	70	2464	798	14	0	5	45	39	3	9	152	0	10000	7.5	10.5	11.05
0	0	0	0	0	0	14	100	77	1	0	110	4852	1191	16	0	100	2400	877	13	0	4	38	36	2	11	158	0	10000	7.5	10.5	10.15
0	0	3	2	0	0	12	89	55	3	0	115	4646	1224	19	0	86	2623	833	7	0	6	43	28	2	12	192	0	10000	7.5	10.5	9.25
0	1	0	3	1	0	13	97	69	0	3	99	4646	1233	22	2	92	2531	855	16	0	5	35	31	4	6	236	0	10000	7.5	10.5	8.35
0	1	3	3	0	0	10	94	62	2	2	131	4522	1326	16	0	100	2456	917	11	0	8	44	28	0	8	256	0	10000	7.5	10.5	7.45
0	0	3	0	0	0	10	98	78	5	1	116	4460	1281	5	1	95	2495	882	16	1	8	51	41	1	15	337	0	10000	7.5	10.5	6.55
0	0	2	1	0	0	9	107	78	2	4	111	4411	1266	10	3	85	2557	865	21	0	3	37	26	0	9	393	0	10000	7.5	10.5	5.65
0	0	0	0	0	0	16	91	53	5	0	109	4395	1259	13	2	123	2380	912	12	0	8	43	36	1	16	526	0	10000	7.5	10.5	4.75
0	0	0	3	0	1	15	95	66	2	0	118	4099	1215	14	1	77	2329	865	14	0	9	44	35	2	19	977	0	10000	7.5	10.5	3.85
0	0	0	2	1	0	9	107	68	0	1	110	3773	1100	22	1	97	2074	783	14	1	4	36	35	1	16	1745	0	10000	7.5	10.5	2.95
0	0	4	3	1	0	10	78	64	0	1	95	3321	942	17	2	76	1963	709	11	0	4	27	26	3	18	2625	0	10000	7.5	10.5	2.05
0	0	2	0	0	0	10	71	45	0	1	75	2687	834	12	0	69	1541	545	10	0	12	41	24	1	24	3996	0	10000	7.5	10.5	1.15
0	0	1	1	0	0	9	51	40	2	0	62	2041	614	12	0	59	1216	431	9	0	2	19	16	1	16	5398	0	10000	7.5	10.5	0.25
0	0	2	0	0	0	8	65	24	0	1	48	1490	476	4	0	36	922	338	10	0	4	13	15	2	24	6518	0	10000	7.5	10.5	-0.65
0	0	2	0	0	0	6	39	21	0	0	43	1088	383	2	1	18	732	248	14	0	2	12	16	0	27	7346	0	10000	7.5	10.5	-1.55
0	0	0	0	0	0	0	28	12	0	0	35	845	278	3	1	31	491	196	9	1	2	10	14	1	34	8009	0	10000	7.5	10.5	-2.45
0	0	1	0	1	0	5	29	7	1	0	14	615	205	5	0	25	374	134	2	0	1	11	5	1	45	8519	0	10000	7.5	10.5	-3.35
0	0	0	0	1	0	1	22	14	1	0	18	441	173	2	1	14	300	121	3	0	1	9	3	0	63	8812	0	10000	7.5	10.5	-4.25
0	0	0	1	0	0	1	9	8	0	0	16	359	108	1	0	16	203	89	3	0	0	8	1	0	79	9098	0	10000	7.5	10.5	-5.15
0	0	0	0	0	0	0	11	3	0	0	9	263	116	1	0	7	170	65	0	0	0	5	6	0	99	9245	0	10000	7.5	10.5	-6.05
0	0	0	0	0	0	2	5	4	0	0	8	181	78	0	0	8	148	53	1	0	0	2	2	0	144	9364	0	10000	7.5	10.5	-6.95
0	0	0	0	0	0	1	8	3	0	0	5	117	46	1	0	4	97	34	1	0	0	3	0	0	151	9529	0	10000	7.5	10.5	-7.85
0	0	0	0	0	0	1	6	3	0	0	6	113	45	1	0	4	68	26	1	0	2	1	3	0	261	9459	0	10000	7.5	10.5	-8.75
0	1	0	0	0	0	1	1	4	0	0	4	73	33	0	0	3	49	21	0	0	1	1	2	0	341	9465	0	10000	7.5	10.5	-9.65
0	0	0	0	0	0	0	2	0	0	0	1	60	27	1	0	2	35	17	0	0	0	1	0	0	431	9423	0	10000	7.5	10.5	-10.55
0	0	0	0	0	0	0	2	2	0	0	2	52	18	0	0	2	26	12	0	0	0	1	1	0	632	9250	0	10000	7.5	10.5	-11.45
0	0	0	0	0	0	0	2	1	0	0	1	28	13	1	0	1	16	8	0	0	0	0	1	0	800	9128	0	10000	7.5	10.5	-12.35
0	0	0	0	0	0	0	0	2	0	0	1	27	9	0	0	1	19	9	0	0	0	2	1	0	1029	8900	0	10000	7.5	10.5	-13.25
0	0	0	0	0	0	0	1	1	0	0	0	13	4	0	0	0	16	8	0	0	0	0	0	0	1373	8584	0	10000	7.5	10.5	-14.15
0	0	0	0	0	0	0	1	0	0	0	1	12	8	0	0	1	5	2	0	0	0	0	0	0	1805	8165	0	10000	7.5	10.5	-15.05
0	0	0	0	0	0	0	2	0	0	0	0	8	6	0	0	2	3	5	0	0	0	0	0	0	2421	7553	0	10000	7.5	10.5	-15.95
0	0	0	0	0	0	0	0	0	0	0	1	7	3	0	0	0	6	3	0	0	0	0	0	0	3271	6709	0	10000	7.5	10.5	-16.85
0	0	0	0	0	0	0	0	0	0	0	0	9	3	0	0	0	4	3	0	0	0	0	0	0	4282	5699	0	10000	7.5	10.5	-17.75
0	0	0	0	0	0	0	0	0	0	0	1	3	2	0	0	0	2	3	0	0	0	0	0	0	5813	4176	0	10000	7.5	10.5	-18.65
0	0	0	0	0	0	0	1	0	0	0	1	2	3	0	0	0	1	0	0	0	0	0	0	0	7336	2656	0	10000	7.5	10.5	-19.55
