50	
0	0	4	2	0	0	10	172	133	6	0	39	5548	2503	19	0	29	797	623	23	0	2	19	14	3	8	46	0	10000	11.5	4.5	24.55
0	0	5	2	0	0	9	179	157	3	0	24	5580	2395	16	0	15	879	611	9	0	2	22	11	2	9	70	0	10000	11.5	4.5	23.65
0	2	2	1	0	0	11	177	159	8	1	33	5675	2381	23	0	29	807	572	14	0	2	21	11	2	7	62	0	10000	11.5	4.5	22.75
0	0	3	8	0	2	18	147	149	4	0	35	5714	2352	18	0	15	816	603	16	0	4	9	18	3	4	62	0	10000	11.5	4.5	21.85
0	1	2	2	0	0	12	173	136	5	0	31	5683	2393	17	0	17	830	591	10	0	1	20	14	1	7	54	0	10000	11.5	4.5	20.95
0	1	1	2	0	0	7	172	134	5	0	31	5732	2357	23	2	28	817	599	10	0	0	12	10	1	7	49	0	10000	11.5	4.5	20.05
0	1	4	2	0	0	2	169	139	4	0	29	5695	2380	16	0	18	864	547	16	0	1	16	18	1	8	70	0	10000	11.5	4.5	19.15
0	1	4	4	0	0	11	174	141	13	0	39	5659	2383	32	0	18	783	602	14	1	1	23	15	2	10	70	0	10000	11.5	4.5	18.25
1	0	3	4	0	0	7	162	155	2	0	30	5681	2356	12	0	27	804	620	18	0	0	10	13	2	8	85	0	10000	11.5	4.5	17.35
0	0	2	3	0	0	8	209	145	6	1	40	5707	2289	14	0	16	795	640	13	0	0	19	13	2	3	75	0	10000	11.5	4.5	16.45
0	0	4	4	1	1	7	183	154	5	1	37	5547	2408	20	0	29	844	592	14	0	1	22	23	0	11	92	0	10000	11.5	4.5	15.55
0	0	4	6	0	0	7	208	149	3	2	43	5527	2376	19	2	21	832	641	13	0	2	21	20	1	10	93	0	10000	11.5	4.5	14.65
0	0	3	4	1	1	12	229	153	4	0	52	5360	2403	9	1	37	905	657	13	0	1	22	19	2	5	107	0	10000	11.5	4.5	13.75
0	0	7	2	0	1	7	216	179	9	0	48	5316	2481	17	0	27	884	619	23	0	5	16	13	3	5	122	0	10000	11.5	4.5	12.85
0	1	3	4	0	2	11	207	182	4	0	51	5324	2414	18	1	38	873	661	11	0	5	24	22	3	9	132	0	10000	11.5	4.5	11.95
0	0	10	4	0	0	19	220	182	7	2	46	5252	2411	27	0	30	920	653	17	0	3	21	23	1	8	144	0	10000	11.5	4.5	11.05
0	0	5	1	0	0	17	243	185	11	1	54	5157	2418	32	0	28	934	682	16	1	3	18	14	4	10	166	0	10000	11.5	4.5	10.15
0	0	3	4	1	0	14	246	180	6	0	60	4991	2505	18	0	34	976	689	20	0	0	25	22	0	9	197	0	10000	11.5	4.5	9.25
0	1	3	5	2	1	10	242	202	6	1	63	4947	2551	23	0	26	970	660	25	0	6	14	18	2	6	216	0	10000	11.5	4.5	8.35
0	0	8	10	1	1	18	266	219	5	2	59	4853	2492	16	1	36	984	686	11	0	1	26	16	0	13	276	0	10000	11.5	4.5	7.45
0	2	2	7	1	1	14	234	226	10	0	60	4732	2491	28	0	33	991	783	14	0	4	24	15	0	9	319	0	10000	11.5	4.5	6.55
0	1	5	1	0	2	17	257	212	9	1	45	4705	2568	30	1	47	981	648	18	0	0	22	18	0	7	405	0	10000	11.5	4.5	5.65
0	1	5	5	1	0	16	246	223	7	0	58	4643	2479	28	1	36	958	691	21	0	1	32	12	2	4	530	0	10000	11.5	4.5	4.75
0	1	3	9	1	0	16	253	209	8	3	52	4376	2405	21	0	34	923	673	12	0	1	16	10	4	16	954	0	10000	11.5	4.5	3.85
0	2	4	3	0	0	12	219	197	4	0	46	3856	2212	22	0	28	953	608	15	0	2	15	23	1	16	1762	0	10000	11.5	4.5	2.95
0	0	6	4	0	0	11	197	151	6	1	52	3444	1864	31	0	25	815	563	14	0	2	18	17	0	11	2768	0	10000	11.5	4.5	2.05
0	0	5	4	0	0	9	184	148	7	0	41	2935	1562	17	0	16	638	415	10	1	1	15	21	2	16	3953	0	10000	11.5	4.5	1.15
0	0	3	6	0	0	6	152	122	2	0	31	2181	1304	15	0	16	515	381	6	0	3	11	13	1	22	5210	0	10000	11.5	4.5	0.25
0	1	0	0	1	0	7	108	94	3	0	20	1616	962	7	0	12	363	260	13	0	3	8	8	2	26	6486	0	10000	11.5	4.5	-0.65
0	0	2	0	1	0	3	77	76	1	0	9	1199	687	3	1	14	307	218	6	0	0	5	4	0	32	7355	0	10000	11.5	4.5	-1.55
0	1	1	2	0	0	4	52	63	1	0	10	861	496	8	2	7	228	163	3	0	1	8	2	2	30	8055	0	10000	11.5	4.5	-2.45
0	0	1	2	0	0	3	48	33	2	0	13	707	406	3	0	8	169	105	2	0	1	3	0	0	54	8440	0	10000	11.5	4.5	-3.35
0	0	0	0	0	0	2	38	23	0	0	9	531	276	4	0	6	126	96	2	0	0	3	4	0	62	8818	0	10000	11.5	4.5	-4.25
0	0	0	0	0	0	0	30	26	1	0	7	403	241	1	0	6	101	65	1	0	1	8	4	0	77	9028	0	10000	11.5	4.5	-5.15
0	0	1	2	1	0	0	22	18	0	0	6	261	172	2	0	4	69	44	1	0	0	0	2	0	97	9298	0	10000	11.5	4.5	-6.05
0	0	0	0	0	0	2	16	13	0	0	2	199	142	0	0	5	51	49	1	0	1	1	1	0	124	9393	0	10000	11.5	4.5	-6.95
0	0	0	0	0	0	1	12	15	0	0	4	138	94	1	0	1	45	40	1	0	0	0	1	0	167	9480	0	10000	11.5	4.5	-7.85
0	0	0	0	0	0	0	8	9	3	0	2	122	80	3	0	2	32	18	0	0	0	1	1	0	277	9442	0	10000	11.5	4.5	-8.75
0	0	0	0	0	0	1	5	8	0	0	3	92	59	1	0	0	16	14	0	0	0	2	1	0	328	9470	0	10000	11.5	4.5	-9.65
0	0	0	0	0	0	0	8	2	0	0	1	66	38	1	0	0	24	13	0	0	0	0	1	0	463	9383	0	10000	11.5	4.5	-10.55
0	0	0	1	0	0	1	5	2	0	0	2	31	27	1	0	0	15	7	1	0	0	1	0	0	592	9314	0	10000	11.5	4.5	-11.45
0	0	0	0	0	0	0	3	6	0	0	0	31	25	0	0	1	6	3	0	0	0	0	0	0	784	9141	0	10000	11.5	4.5	-12.35
0	0	0	0	0	0	0	5	2	0	0	0	16	26	0	0	0	7	7	0	0	0	0	0	0	1056	8881	0	10000	11.5	4.5	-13.25
0	0	0	0	0	0	0	1	2	0	0	0	16	13	1	0	1	6	6	0	0	0	1	1	0	1328	8624	0	10000	11.5	4.5	-14.15
0	0	0	0	0	0	0	3	4	0	0	0	14	11	1	0	0	4	1	0	0	0	0	0	0	1834	8128	0	10000	11.5	4.5	-15.05
0	0	0	0	0	0	0	1	0	0	0	0	11	10	0	0	2	3	4	0	0	0	0	0	0	2451	7518	0	10000	11.5	4.5	-15.95
0	0	0	0	0	0	0	2	0	0	0	0	5	6	0	0	0	4	4	0	0	0	0	0	0	3334	6645	0	10000	11.5	4.5	-16.85
0	0	0	0	0	0	0	0	0	0	0	0	6	8	0	0	0	2	2	0	0	0	0	0	0	4301	5681	0	10000	11.5	4.5	-17.75
0	0	0	0	0	0	0	0	0	0	0	0	2	1	0	0	0	2	0	0	0	0	0	0	0	5747	4248	0	10000	11.5	4.5	-18.65
0	0	0	0	0	0	0	0	1	0	0	0	2	1	0	0	0	1	0	0	0	0	0	0	0	7265	2730	0	10000	11.5	4.5	-19.55
