50	
0	1	1	1	1	0	5	99	65	3	0	23	8093	872	15	0	18	492	253	7	0	2	2	8	0	3	36	0	10000	7.5	3.5	24.55
0	0	4	2	0	0	6	80	59	6	0	20	8181	863	8	0	20	468	231	3	0	0	9	7	2	2	29	0	10000	7.5	3.5	23.65
0	0	1	0	0	0	5	69	59	2	0	20	8362	784	3	0	14	419	222	5	0	2	3	4	0	3	23	0	10000	7.5	3.5	22.75
0	2	0	0	0	0	2	95	47	0	0	10	8430	730	1	0	12	415	204	6	0	0	12	4	0	2	28	0	10000	7.5	3.5	21.85
0	0	1	2	0	0	5	95	45	2	2	16	8589	620	9	0	10	373	188	3	0	0	7	7	0	4	22	0	10000	7.5	3.5	20.95
0	0	3	1	0	0	9	71	54	1	1	19	8600	654	7	0	13	346	176	6	0	0	12	2	1	1	23	0	10000	7.5	3.5	20.05
0	0	1	2	1	1	1	79	56	1	0	11	8679	599	2	0	13	328	180	5	0	3	9	3	0	3	23	0	10000	7.5	3.5	19.15
0	0	2	0	0	1	8	79	58	2	1	16	8597	649	1	0	16	352	160	6	0	2	6	9	0	0	35	0	10000	7.5	3.5	18.25
0	0	0	3	0	0	6	94	59	1	0	25	8579	615	6	0	14	370	182	3	0	2	7	3	0	1	30	0	10000	7.5	3.5	17.35
0	0	2	2	0	0	2	83	62	1	0	43	8488	677	4	0	25	357	200	8	0	1	7	5	1	0	32	0	10000	7.5	3.5	16.45
0	0	2	3	0	1	5	109	70	2	0	30	8301	758	6	0	21	444	194	4	0	1	8	4	0	1	36	0	10000	7.5	3.5	15.55
0	0	2	1	0	0	6	113	77	0	1	45	8225	775	14	0	20	442	213	5	0	0	7	5	0	4	45	0	10000	7.5	3.5	14.65
0	1	4	4	1	2	9	112	94	1	2	35	7971	893	9	2	28	511	240	6	0	3	8	6	2	3	53	0	10000	7.5	3.5	13.75
0	0	3	3	0	0	12	160	104	4	0	57	7753	892	7	0	29	579	280	4	0	4	7	7	1	4	90	0	10000	7.5	3.5	12.85
0	0	3	2	0	0	15	163	105	3	0	49	7630	970	8	0	32	633	293	6	0	2	9	5	0	1	71	0	10000	7.5	3.5	11.95
0	1	2	6	0	1	16	191	98	4	1	62	7468	1003	6	0	25	656	333	5	0	1	11	10	0	2	98	0	10000	7.5	3.5	11.05
0	1	3	3	0	0	17	212	140	2	0	69	7136	1201	7	2	33	688	320	11	0	2	11	7	0	4	131	0	10000	7.5	3.5	10.15
0	0	4	7	0	0	22	226	137	7	1	61	6951	1247	12	0	32	739	356	7	0	2	15	10	1	3	160	0	10000	7.5	3.5	9.25
0	0	5	6	1	0	17	220	146	7	0	51	6850	1304	19	1	45	749	362	7	0	3	10	16	0	6	175	0	10000	7.5	3.5	8.35
1	2	6	1	0	1	18	225	140	10	1	73	6702	1299	20	0	46	836	368	10	0	2	12	12	1	5	209	0	10000	7.5	3.5	7.45
0	1	4	4	0	2	18	262	165	7	2	83	6491	1388	15	0	34	848	381	9	0	6	14	9	3	5	249	0	10000	7.5	3.5	6.55
0	1	7	5	0	0	17	241	148	8	2	84	6484	1338	15	2	42	878	356	10	0	4	16	12	0	4	326	0	10000	7.5	3.5	5.65
0	0	6	7	0	0	17	270	139	5	2	87	6356	1353	9	0	54	816	360	5	1	1	14	12	1	5	480	0	10000	7.5	3.5	4.75
0	2	8	3	0	0	22	248	150	6	2	80	5919	1325	15	0	55	840	383	8	0	1	10	14	2	5	902	0	10000	7.5	3.5	3.85
0	0	9	3	1	0	21	250	160	5	2	87	5345	1223	18	3	34	788	353	6	0	2	10	13	0	16	1651	0	10000	7.5	3.5	2.95
0	1	5	5	0	2	20	228	138	2	0	76	4612	1120	14	3	45	700	322	5	0	3	16	12	1	14	2656	0	10000	7.5	3.5	2.05
0	0	7	2	1	0	15	189	114	6	0	64	3734	874	6	0	24	589	279	7	0	3	5	5	0	10	4066	0	10000	7.5	3.5	1.15
0	2	2	2	0	0	13	151	73	2	1	46	2902	769	6	0	30	468	207	13	0	1	9	6	0	21	5276	0	10000	7.5	3.5	0.25
0	1	1	2	0	0	16	100	70	1	0	39	2045	585	5	0	23	378	166	1	0	2	7	6	0	28	6524	0	10000	7.5	3.5	-0.65
0	1	3	3	0	0	10	99	57	3	0	26	1596	439	4	0	19	261	134	0	0	1	6	7	1	31	7299	0	10000	7.5	3.5	-1.55
0	0	0	0	0	0	9	86	40	2	0	35	1105	333	5	0	19	213	91	3	1	1	5	1	1	35	8015	0	10000	7.5	3.5	-2.45
0	0	2	1	0	0	6	56	30	0	0	20	794	278	7	0	18	179	79	2	0	0	2	4	0	48	8474	0	10000	7.5	3.5	-3.35
0	0	2	0	0	0	3	43	22	2	0	19	621	208	0	2	9	122	51	0	0	1	3	1	0	56	8835	0	10000	7.5	3.5	-4.25
0	0	0	0	0	0	3	25	18	0	0	10	497	148	1	0	5	87	40	0	0	0	2	0	0	63	9101	0	10000	7.5	3.5	-5.15
0	0	0	0	0	0	3	25	16	0	0	12	350	109	0	0	1	74	32	2	0	1	1	0	0	92	9282	0	10000	7.5	3.5	-6.05
1	0	2	0	0	0	0	23	13	0	1	6	245	90	3	0	3	54	19	1	0	0	1	0	0	140	9398	0	10000	7.5	3.5	-6.95
0	0	0	0	0	0	1	18	10	2	1	8	174	69	1	0	2	34	20	0	0	0	1	1	0	183	9475	0	10000	7.5	3.5	-7.85
0	0	0	1	0	0	1	11	6	0	0	6	134	52	1	0	2	34	10	0	0	1	0	1	0	268	9472	0	10000	7.5	3.5	-8.75
0	0	1	0	0	0	2	9	6	0	0	3	110	36	1	0	2	17	10	1	0	0	0	0	0	349	9453	0	10000	7.5	3.5	-9.65
0	0	0	0	0	0	0	4	5	0	0	4	62	38	1	0	4	14	13	2	0	1	0	1	0	440	9411	0	10000	7.5	3.5	-10.55
0	0	0	1	0	0	0	2	0	0	0	0	51	22	0	0	0	6	8	0	0	0	0	1	0	593	9316	0	10000	7.5	3.5	-11.45
0	0	0	1	0	0	0	2	2	0	1	1	39	23	0	0	1	10	5	0	0	0	0	0	0	809	9106	0	10000	7.5	3.5	-12.35
0	0	0	0	0	0	0	5	3	0	0	2	33	18	0	0	1	10	5	0	0	0	0	0	0	1007	8916	0	10000	7.5	3.5	-13.25
0	0	0	0	0	0	0	1	2	0	0	2	24	11	0	0	0	8	5	1	0	0	0	0	0	1425	8521	0	10000	7.5	3.5	-14.15
0	0	0	0	0	0	0	1	2	0	0	1	13	9	0	0	1	4	6	0	0	0	0	0	0	1815	8148	0	10000	7.5	3.5	-15.05
0	0	0	0	0	0	0	3	2	0	0	0	11	9	0	0	0	4	0	0	0	0	0	0	0	2402	7569	0	10000	7.5	3.5	-15.95
0	0	0	0	0	0	0	1	0	0	0	0	6	5	0	0	1	1	1	0	0	0	0	0	0	3244	6741	0	10000	7.5	3.5	-16.85
0	0	0	0	0	0	0	1	0	0	0	0	4	4	0	0	0	3	1	0	0	0	0	0	0	4172	5815	0	10000	7.5	3.5	-17.75
0	0	0	0	0	0	0	2	1	0	0	0	10	1	0	0	0	1	1	0	0	0	0	0	0	5814	4170	0	10000	7.5	3.5	-18.65
0	0	0	0	0	0	0	1	0	0	0	0	0	2	0	0	0	2	2	0	0	0	0	0	0	7323	2670	0	10000	7.5	3.5	-19.55
