50	
0	0	2	2	1	1	6	120	141	4	0	35	4378	3004	24	0	26	1127	969	18	0	5	21	29	1	8	78	0	10000	13	6.5	24.55
0	0	2	0	0	0	7	152	132	1	2	27	4347	3081	26	0	18	1133	914	13	0	3	35	22	1	9	75	0	10000	13	6.5	23.65
0	0	2	5	0	0	4	141	136	7	1	44	4496	2914	22	1	33	1136	908	13	0	4	17	24	3	3	86	0	10000	13	6.5	22.75
0	0	1	5	0	0	9	131	124	5	0	33	4410	2939	20	0	26	1172	954	32	0	2	21	25	0	10	81	0	10000	13	6.5	21.85
0	0	5	5	1	1	6	131	131	7	0	34	4424	2959	20	0	26	1118	964	20	0	4	33	20	1	6	84	0	10000	13	6.5	20.95
0	0	2	1	0	0	6	142	97	5	0	29	4409	3023	23	0	30	1147	923	18	0	1	31	24	1	10	78	0	10000	13	6.5	20.05
0	2	3	3	2	0	2	145	171	2	0	26	4379	2995	23	0	25	1125	928	15	1	2	24	26	3	7	91	0	10000	13	6.5	19.15
0	1	5	3	1	0	8	146	124	6	2	24	4340	2938	33	0	45	1189	970	19	0	2	28	31	2	2	81	0	10000	13	6.5	18.25
0	1	0	2	0	1	6	165	167	12	0	37	4375	2964	21	0	26	1127	912	18	0	2	21	31	2	10	100	0	10000	13	6.5	17.35
0	0	3	4	0	0	12	150	145	3	1	31	4413	2874	29	0	33	1189	920	31	0	3	27	28	1	8	95	0	10000	13	6.5	16.45
0	0	5	5	0	0	9	155	143	3	0	36	4312	2932	29	0	26	1209	939	25	0	0	21	28	1	9	113	0	10000	13	6.5	15.55
0	0	3	6	1	2	7	172	131	4	0	41	4244	2986	26	2	25	1159	979	22	0	3	28	30	5	12	112	0	10000	13	6.5	14.65
0	0	4	4	0	0	5	155	155	5	1	38	4310	2888	25	0	30	1156	1020	13	0	2	28	29	0	5	127	0	10000	13	6.5	13.75
0	2	2	6	0	0	8	151	154	4	0	51	4241	2979	33	0	41	1183	934	23	0	2	22	19	3	4	138	0	10000	13	6.5	12.85
0	1	3	4	0	0	15	178	161	8	1	38	4193	2858	20	1	31	1212	1039	27	0	2	26	23	4	7	148	0	10000	13	6.5	11.95
0	0	3	4	0	0	7	186	167	12	1	50	4107	2968	19	0	40	1173	1017	27	0	2	34	23	1	9	150	0	10000	13	6.5	11.05
0	0	3	8	1	0	13	169	165	4	0	37	4006	2959	32	1	37	1288	1006	27	0	2	29	25	3	5	180	0	10000	13	6.5	10.15
0	0	8	6	0	0	9	195	164	4	1	35	4039	2964	32	0	28	1241	969	24	0	1	19	28	2	12	219	0	10000	13	6.5	9.25
0	0	4	3	0	2	7	176	170	8	2	60	4018	2946	24	0	42	1256	973	24	0	0	21	27	5	8	224	0	10000	13	6.5	8.35
0	0	7	3	0	0	11	192	173	4	1	54	4001	2898	29	0	41	1211	1028	23	0	1	25	22	1	13	262	0	10000	13	6.5	7.45
0	1	2	7	0	1	11	180	175	11	0	57	3910	2886	25	0	38	1281	989	31	1	4	37	24	0	9	320	0	10000	13	6.5	6.55
0	0	6	0	1	0	12	184	174	3	0	42	3834	2905	35	1	46	1256	1016	31	0	3	28	20	5	9	389	0	10000	13	6.5	5.65
0	1	1	5	1	1	6	200	172	6	0	50	3805	2837	39	0	27	1186	1049	28	0	7	21	37	2	9	510	0	10000	13	6.5	4.75
0	1	3	4	0	0	13	172	172	3	1	68	3565	2735	32	0	24	1177	948	20	0	1	39	29	3	7	983	0	10000	13	6.5	3.85
0	0	7	3	0	1	8	195	161	8	1	51	3323	2475	36	1	36	1034	816	32	0	0	19	20	2	16	1755	0	10000	13	6.5	2.95
0	1	4	3	0	0	8	148	140	8	0	40	2847	2205	17	0	38	918	799	22	0	3	24	23	1	17	2734	0	10000	13	6.5	2.05
0	0	3	2	0	0	10	140	108	3	0	28	2436	1784	25	0	20	825	680	18	0	4	22	14	1	19	3858	0	10000	13	6.5	1.15
0	1	8	3	0	0	7	96	92	3	4	22	1825	1420	11	0	15	652	512	13	0	1	15	17	1	19	5263	0	10000	13	6.5	0.25
0	0	2	1	0	0	5	73	64	3	1	16	1297	1086	7	0	18	496	378	14	0	1	13	14	2	23	6486	0	10000	13	6.5	-0.65
0	1	2	2	0	0	2	67	59	2	0	19	1013	769	12	0	14	332	274	8	0	0	8	4	0	34	7378	0	10000	13	6.5	-1.55
0	0	0	0	0	0	2	47	40	1	0	5	732	609	8	0	11	279	206	7	0	1	3	6	2	36	8005	0	10000	13	6.5	-2.45
0	0	0	2	0	0	0	42	26	0	0	4	534	452	4	0	7	207	148	1	0	0	10	4	0	51	8508	0	10000	13	6.5	-3.35
0	0	2	2	0	0	1	32	18	0	0	13	415	346	2	0	5	166	119	6	0	1	7	2	0	69	8794	0	10000	13	6.5	-4.25
0	0	0	0	0	0	0	26	14	4	0	0	307	256	5	0	3	101	115	1	0	1	2	4	0	91	9070	0	10000	13	6.5	-5.15
0	0	1	1	0	0	1	17	13	0	0	4	229	174	3	0	5	70	72	3	0	0	0	1	0	117	9289	0	10000	13	6.5	-6.05
0	0	0	0	0	0	0	12	7	1	0	3	160	137	2	0	2	58	55	0	0	0	1	3	0	140	9419	0	10000	13	6.5	-6.95
0	0	0	0	0	0	0	5	8	0	0	2	104	106	4	0	2	51	47	2	0	0	3	2	1	181	9482	0	10000	13	6.5	-7.85
0	0	0	0	0	0	0	5	7	1	0	1	92	87	2	0	0	31	37	0	0	0	0	1	0	246	9490	0	10000	13	6.5	-8.75
0	0	0	0	1	0	0	1	4	1	0	1	69	60	2	0	1	40	25	1	0	0	0	1	0	343	9450	0	10000	13	6.5	-9.65
0	1	0	0	0	0	0	6	4	0	0	0	45	46	0	0	1	21	18	1	0	0	0	0	0	448	9409	0	10000	13	6.5	-10.55
0	0	0	0	0	0	0	1	1	0	0	0	43	30	0	0	0	18	14	0	0	0	0	1	0	660	9232	0	10000	13	6.5	-11.45
0	0	0	0	0	0	0	1	1	0	0	0	27	26	1	0	0	16	12	0	0	0	0	0	0	808	9108	0	10000	13	6.5	-12.35
0	0	0	0	0	0	0	1	1	0	0	0	18	21	0	0	0	11	6	0	0	0	0	0	0	1069	8873	0	10000	13	6.5	-13.25
0	0	1	0	0	0	0	1	0	0	0	1	17	14	0	0	0	6	7	0	0	0	0	0	0	1433	8520	0	10000	13	6.5	-14.15
0	0	0	0	0	0	0	0	0	0	0	0	9	12	0	0	0	5	7	0	0	0	0	0	0	1919	8048	0	10000	13	6.5	-15.05
0	0	0	0	0	0	0	2	1	0	0	2	7	9	1	0	0	5	0	0	0	0	0	0	0	2456	7517	0	10000	13	6.5	-15.95
0	0	0	0	0	0	0	0	2	0	0	0	5	5	0	0	0	2	2	0	0	0	0	0	0	3266	6718	0	10000	13	6.5	-16.85
0	0	0	0	0	0	0	0	1	0	0	0	7	6	0	0	0	4	0	0	0	0	1	0	0	4162	5819	0	10000	13	6.5	-17.75
0	0	0	0	0	0	0	0	0	0	0	0	6	2	0	0	0	2	2	0	0	0	0	0	1	5748	4239	0	10000	13	6.5	-18.65
0	0	0	0	0	0	0	0	0	0	0	0	1	0	0	0	0	1	1	0	0	0	0	0	0	7267	2730	0	10000	13	6.5	-19.55
