50	
0	0	0	1	0	0	6	62	40	1	1	80	5591	1001	7	0	68	2284	718	13	1	2	32	25	1	2	64	0	10000	7	10	24.55
0	0	1	4	0	0	9	55	45	2	1	65	5722	975	16	0	74	2220	669	10	0	5	32	21	1	5	68	0	10000	7	10	23.65
0	1	5	0	0	0	9	51	49	1	3	75	5645	995	12	2	60	2265	690	9	0	2	22	28	4	7	65	0	10000	7	10	22.75
0	0	0	1	0	0	8	63	48	3	0	76	5743	966	7	1	63	2197	694	11	0	2	27	25	0	5	60	0	10000	7	10	21.85
0	0	0	2	0	1	3	74	51	0	2	79	5715	986	14	1	60	2230	642	13	0	5	25	23	1	4	69	0	10000	7	10	20.95
0	1	0	0	0	1	3	60	54	3	1	79	5759	1005	8	0	59	2132	686	12	0	3	35	24	2	10	63	0	10000	7	10	20.05
0	0	1	0	0	0	7	64	47	0	1	82	5751	998	10	1	64	2184	640	7	0	6	47	20	1	7	62	0	10000	7	10	19.15
0	1	0	1	1	0	5	73	49	1	2	74	5690	1052	9	0	82	2130	677	16	1	4	35	26	1	3	67	0	10000	7	10	18.25
0	0	1	0	0	0	6	65	60	2	4	76	5638	1002	11	2	76	2164	736	12	1	1	26	26	2	6	83	0	10000	7	10	17.35
0	0	1	1	0	0	7	56	40	4	1	82	5702	987	8	3	87	2211	654	7	1	3	20	20	1	10	94	0	10000	7	10	16.45
0	0	1	3	0	0	8	87	53	2	0	74	5689	1037	17	1	63	2148	647	11	2	7	43	30	0	7	70	0	10000	7	10	15.55
0	0	2	3	0	0	7	59	66	1	0	77	5671	999	11	1	78	2145	706	14	0	7	34	36	0	4	79	0	10000	7	10	14.65
0	1	2	1	0	1	11	86	53	5	3	96	5540	1066	13	0	72	2217	671	14	0	5	32	24	1	3	83	0	10000	7	10	13.75
0	0	5	3	0	0	10	68	50	0	3	98	5446	1069	7	1	89	2253	712	13	1	3	28	28	2	7	104	0	10000	7	10	12.85
0	0	2	1	0	0	12	86	69	3	2	101	5248	1152	7	1	81	2310	703	10	1	3	40	30	1	10	127	0	10000	7	10	11.95
0	1	1	3	0	0	10	91	51	2	1	115	5170	1163	10	1	87	2260	763	11	0	5	47	37	3	7	161	0	10000	7	10	11.05
0	0	2	2	1	0	16	90	69	4	2	120	5061	1174	12	1	102	2372	717	6	0	1	41	27	2	9	169	0	10000	7	10	10.15
0	1	1	3	0	0	16	96	75	1	0	117	5023	1155	20	1	74	2371	752	11	0	5	40	29	1	7	201	0	10000	7	10	9.25
0	0	2	5	0	0	19	101	71	2	2	111	4968	1136	13	2	87	2412	704	20	0	4	49	33	1	8	250	0	10000	7	10	8.35
0	0	3	7	0	0	4	107	70	2	3	108	4822	1181	15	3	117	2380	839	16	1	6	35	29	3	10	239	0	10000	7	10	7.45
0	2	0	3	0	0	12	112	59	2	1	122	4871	1149	12	1	102	2330	797	28	0	7	38	31	5	10	306	0	10000	7	10	6.55
0	3	1	2	0	0	17	109	71	3	0	108	4751	1213	13	0	105	2364	760	12	0	2	51	28	0	10	377	0	10000	7	10	5.65
0	1	4	1	0	0	9	109	93	3	1	105	4589	1129	10	1	109	2404	773	13	1	6	39	42	1	16	541	0	10000	7	10	4.75
0	0	2	2	0	0	10	81	72	0	3	112	4412	1155	12	2	84	2243	745	12	0	8	41	35	2	17	950	0	10000	7	10	3.85
0	0	0	4	0	0	9	99	64	2	3	124	3935	1106	10	0	96	2073	698	10	0	5	38	34	0	15	1675	0	10000	7	10	2.95
0	2	2	0	0	0	7	89	64	2	1	101	3449	948	8	4	83	1794	616	9	1	7	40	28	1	13	2731	0	10000	7	10	2.05
0	1	1	0	0	0	9	78	48	1	2	88	2809	788	10	0	74	1483	491	9	0	5	27	22	1	14	4039	0	10000	7	10	1.15
0	0	1	3	0	1	4	65	31	0	1	53	2147	625	9	0	63	1201	452	7	0	5	25	15	2	21	5269	0	10000	7	10	0.25
0	0	0	2	0	0	5	45	30	2	1	58	1588	466	7	0	39	851	317	3	0	0	24	13	1	24	6524	0	10000	7	10	-0.65
0	0	0	0	0	0	6	32	27	1	1	45	1248	380	5	0	38	629	218	5	0	0	10	9	1	35	7310	0	10000	7	10	-1.55
0	0	2	0	0	0	1	23	15	0	1	28	834	287	1	0	32	487	180	1	0	2	7	6	1	43	8049	0	10000	7	10	-2.45
0	0	0	0	0	0	3	20	13	0	0	19	664	219	6	0	28	390	142	1	0	1	5	10	1	34	8444	0	10000	7	10	-3.35
0	0	0	1	0	0	1	22	12	0	0	19	482	147	1	0	18	266	118	0	0	2	8	3	1	63	8836	0	10000	7	10	-4.25
0	0	0	0	0	0	0	15	4	1	0	12	373	104	0	0	16	203	72	1	0	1	10	5	0	75	9108	0	10000	7	10	-5.15
0	0	1	0	0	0	3	6	6	0	0	14	249	94	3	0	12	147	68	1	0	1	2	5	0	113	9275	0	10000	7	10	-6.05
0	1	0	0	0	0	1	8	8	0	0	8	240	85	2	0	9	117	52	0	0	1	3	0	0	152	9313	0	10000	7	10	-6.95
0	0	0	0	0	0	0	7	3	0	0	9	138	56	0	0	6	98	40	0	0	1	6	0	1	185	9450	0	10000	7	10	-7.85
0	0	0	0	0	0	0	1	4	0	0	6	105	44	0	0	6	75	26	3	0	0	3	0	0	250	9477	0	10000	7	10	-8.75
0	0	0	0	0	0	0	3	2	0	0	6	88	25	1	0	1	49	26	0	0	0	1	1	0	377	9420	0	10000	7	10	-9.65
0	0	0	0	0	0	1	0	0	0	0	7	62	26	0	0	2	50	15	0	0	0	0	1	0	459	9377	0	10000	7	10	-10.55
0	0	0	0	0	0	0	3	2	0	0	0	40	26	0	0	2	32	9	0	0	0	0	0	0	589	9297	0	10000	7	10	-11.45
0	0	0	0	0	0	1	3	0	0	0	1	29	21	0	0	0	23	10	0	0	0	2	1	0	801	9108	0	10000	7	10	-12.35
0	0	0	0	0	0	0	0	0	0	0	1	27	13	0	0	0	16	4	0	0	0	1	0	0	987	8951	0	10000	7	10	-13.25
0	0	0	0	0	0	0	0	1	0	0	1	14	9	0	0	0	12	4	0	0	0	1	0	0	1354	8604	0	10000	7	10	-14.15
0	0	0	0	0	0	0	1	0	0	0	0	15	3	0	0	1	6	3	0	0	0	1	0	0	1883	8087	0	10000	7	10	-15.05
0	0	0	0	0	0	0	0	0	0	0	0	9	6	0	0	1	9	2	0	0	0	0	0	0	2416	7557	0	10000	7	10	-15.95
0	0	0	0	0	0	0	1	0	0	0	0	5	4	0	0	0	8	4	0	0	0	0	0	0	3267	6711	0	10000	7	10	-16.85
0	0	0	0	0	0	0	0	1	0	0	0	6	0	0	0	0	4	1	0	0	0	0	0	0	4283	5705	0	10000	7	10	-17.75
0	0	0	0	0	0	0	0	0	0	0	0	0	3	0	0	0	0	0	1	0	0	0	0	0	5804	4192	0	10000	7	10	-18.65
0	0	0	0	0	0	0	0	0	0	0	0	1	0	0	0	1	4	0	0	0	0	0	0	0	7369	2625	0	10000	7	10	-19.55
