50	
0	0	3	3	0	0	10	81	63	11	1	43	4029	2109	17	0	44	2128	1263	17	0	3	34	45	1	10	85	0	10000	11.5	10.5	24.55
0	0	1	3	0	0	6	79	71	4	0	44	3850	2085	32	0	54	2240	1331	25	0	3	37	36	0	15	84	0	10000	11.5	10.5	23.65
0	0	1	1	0	1	6	90	64	4	1	43	4115	1986	16	0	45	2098	1344	21	0	2	34	54	2	6	66	0	10000	11.5	10.5	22.75
0	0	0	1	0	0	8	92	85	3	2	52	3988	2089	28	1	42	2148	1291	13	0	5	38	34	2	6	72	0	10000	11.5	10.5	21.85
0	0	5	1	0	0	2	92	91	1	4	56	3845	2142	25	1	49	2123	1348	26	0	3	46	39	3	4	94	0	10000	11.5	10.5	20.95
0	0	3	6	0	0	8	71	67	4	0	43	3964	2016	32	1	56	2178	1355	17	0	3	47	42	4	13	70	0	10000	11.5	10.5	20.05
0	0	2	2	0	1	4	85	78	2	2	51	3971	2043	17	2	51	2147	1354	19	0	2	43	33	3	8	80	0	10000	11.5	10.5	19.15
0	0	1	4	1	0	2	90	69	3	2	52	3868	2106	26	0	31	2276	1247	23	0	1	34	53	1	8	102	0	10000	11.5	10.5	18.25
0	0	1	3	0	0	5	92	89	2	0	43	3906	2156	37	0	45	2129	1288	27	0	3	44	35	2	8	85	0	10000	11.5	10.5	17.35
0	1	2	2	0	1	4	91	82	3	2	64	3898	2047	28	1	47	2142	1363	25	1	3	31	41	2	14	105	0	10000	11.5	10.5	16.45
0	2	1	1	0	0	12	81	76	3	1	64	3897	2039	32	0	42	2167	1371	18	0	4	45	38	5	11	90	0	10000	11.5	10.5	15.55
0	0	2	1	0	0	5	85	78	3	1	56	3892	2116	35	3	39	2106	1338	19	0	3	47	30	4	18	119	0	10000	11.5	10.5	14.65
0	1	1	3	0	1	8	94	90	3	1	59	3729	2080	28	0	42	2267	1314	31	0	6	41	52	1	18	130	0	10000	11.5	10.5	13.75
0	0	2	1	0	1	8	95	84	2	1	49	3727	2133	26	0	54	2187	1318	28	0	8	53	42	2	14	165	0	10000	11.5	10.5	12.85
0	0	2	1	0	0	4	112	77	3	2	63	3719	2137	30	1	46	2214	1344	17	0	0	40	32	5	14	137	0	10000	11.5	10.5	11.95
0	0	0	4	0	0	10	102	94	9	0	52	3761	2062	22	3	42	2219	1319	30	1	7	56	49	0	13	145	0	10000	11.5	10.5	11.05
0	0	2	4	0	0	11	91	105	2	3	70	3612	2090	27	0	61	2246	1327	30	0	2	58	38	4	10	207	0	10000	11.5	10.5	10.15
0	0	2	3	1	0	10	88	92	7	0	57	3651	2119	25	0	61	2149	1369	25	0	4	64	34	5	14	220	0	10000	11.5	10.5	9.25
0	1	1	4	0	0	6	116	104	3	0	65	3636	2094	30	4	50	2197	1306	21	0	5	55	51	2	17	232	0	10000	11.5	10.5	8.35
0	1	2	0	0	3	9	93	102	6	2	62	3479	2141	40	1	61	2154	1436	24	0	5	42	43	2	16	276	0	10000	11.5	10.5	7.45
0	0	4	0	0	0	7	121	96	5	0	67	3575	2082	27	1	65	2083	1383	27	0	3	44	53	1	11	345	0	10000	11.5	10.5	6.55
0	0	5	1	0	1	10	99	102	3	0	60	3480	2088	25	0	60	2173	1346	32	0	5	48	48	5	13	396	0	10000	11.5	10.5	5.65
0	0	3	0	0	0	4	132	81	1	3	71	3418	2161	32	0	58	2080	1257	30	0	5	55	42	2	12	553	0	10000	11.5	10.5	4.75
0	0	8	3	0	0	6	107	99	7	0	53	3242	1955	36	0	45	2046	1252	27	0	3	51	44	3	12	1001	0	10000	11.5	10.5	3.85
0	0	0	4	1	0	5	80	92	5	1	76	2990	1772	18	0	45	1879	1182	20	0	6	42	49	4	14	1715	0	10000	11.5	10.5	2.95
0	0	0	2	1	2	2	93	82	1	1	42	2600	1585	25	0	54	1652	1054	14	0	2	42	30	3	23	2690	0	10000	11.5	10.5	2.05
0	1	1	1	1	0	7	79	59	1	2	37	2095	1336	10	0	48	1417	823	20	0	2	35	33	4	13	3975	0	10000	11.5	10.5	1.15
0	0	1	1	0	0	4	50	65	0	0	35	1589	1035	15	0	27	1056	652	14	1	3	23	30	3	28	5368	0	10000	11.5	10.5	0.25
0	0	1	2	0	0	4	45	31	3	0	33	1209	756	8	0	24	781	505	15	0	3	20	16	0	26	6518	0	10000	11.5	10.5	-0.65
0	0	2	0	0	1	5	27	28	3	3	20	891	544	14	0	13	550	370	9	0	2	20	15	1	29	7453	0	10000	11.5	10.5	-1.55
0	0	0	0	0	0	4	39	17	1	0	21	693	429	6	0	8	418	319	8	0	2	6	11	0	38	7980	0	10000	11.5	10.5	-2.45
0	0	0	3	0	0	6	27	14	1	0	6	504	342	2	0	6	331	232	7	0	1	8	14	0	49	8447	0	10000	11.5	10.5	-3.35
0	0	1	1	0	0	1	15	11	0	0	9	391	236	5	0	7	233	171	4	0	1	13	7	0	55	8839	0	10000	11.5	10.5	-4.25
0	0	0	0	0	0	1	19	10	2	0	3	272	199	3	0	9	176	139	1	0	1	5	5	0	75	9080	0	10000	11.5	10.5	-5.15
0	0	0	0	0	0	0	11	7	1	0	5	223	130	3	0	6	136	89	2	0	0	6	1	0	115	9265	0	10000	11.5	10.5	-6.05
0	0	0	0	0	0	0	6	3	0	0	2	142	97	3	0	3	93	68	2	0	0	3	4	0	139	9435	0	10000	11.5	10.5	-6.95
0	0	0	0	0	0	0	3	1	0	0	3	119	96	0	0	1	78	50	0	0	1	1	3	0	199	9445	0	10000	11.5	10.5	-7.85
0	0	1	0	0	0	0	4	5	0	0	1	91	57	1	1	2	68	36	0	0	0	2	1	0	281	9449	0	10000	11.5	10.5	-8.75
0	0	1	0	0	0	0	0	4	0	0	3	60	42	0	0	0	37	34	1	0	0	1	0	0	349	9468	0	10000	11.5	10.5	-9.65
0	0	0	0	0	0	0	0	2	0	0	1	42	31	0	0	1	40	26	0	0	0	1	2	0	466	9388	0	10000	11.5	10.5	-10.55
0	0	0	0	0	0	0	4	2	0	0	0	32	21	1	0	0	35	17	1	0	0	1	0	0	555	9331	0	10000	11.5	10.5	-11.45
0	0	0	0	0	0	0	1	2	0	0	1	32	17	0	0	0	17	10	1	0	0	0	1	1	800	9117	0	10000	11.5	10.5	-12.35
0	0	0	0	0	0	0	1	2	0	0	0	19	13	0	0	0	17	6	1	0	0	0	2	0	1045	8894	0	10000	11.5	10.5	-13.25
0	0	0	0	0	0	0	2	0	1	0	0	10	14	0	0	0	7	8	0	0	0	0	0	0	1435	8523	0	10000	11.5	10.5	-14.15
0	0	0	0	0	0	0	0	0	0	0	0	9	8	0	0	0	5	7	0	0	0	1	0	0	1832	8138	0	10000	11.5	10.5	-15.05
0	0	0	0	0	0	0	0	1	0	0	0	6	4	0	0	0	4	6	0	0	0	0	0	0	2402	7577	0	10000	11.5	10.5	-15.95
0	0	0	0	0	0	0	2	0	0	0	2	0	3	0	0	0	3	4	1	0	0	0	0	0	3279	6706	0	10000	11.5	10.5	-16.85
0	0	0	0	0	0	0	0	0	0	0	0	2	7	0	0	0	0	2	0	0	0	0	0	0	4318	5671	0	10000	11.5	10.5	-17.75
0	0	0	0	0	0	0	0	0	0	0	0	3	0	0	0	0	3	1	0	0	0	0	0	0	5743	4250	0	10000	11.5	10.5	-18.65
0	0	0	0	0	0	0	0	0	0	0	0	2	3	0	0	0	0	0	0	0	0	0	0	0	7272	2723	0	10000	11.5	10.5	-19.55
