50	
0	0	1	1	0	1	11	27	10	1	0	240	4770	236	3	7	270	4062	252	2	0	9	24	13	1	4	55	0	10000	0	13	24.55
0	0	0	0	0	0	13	33	15	1	5	267	4738	247	3	4	262	4053	256	4	1	16	24	9	1	2	46	0	10000	0	13	23.65
0	0	1	0	0	1	12	26	15	0	1	266	4687	226	3	2	245	4131	267	11	0	16	22	10	0	7	51	0	10000	0	13	22.75
0	0	2	0	0	0	13	43	17	3	2	241	4788	245	3	3	233	4075	222	4	0	7	25	15	0	3	56	0	10000	0	13	21.85
0	1	0	0	0	0	15	29	17	1	1	239	4765	280	1	2	236	4083	227	2	1	7	32	9	0	3	49	0	10000	0	13	20.95
0	0	0	0	0	0	15	29	11	0	2	229	4712	240	3	3	213	4164	270	4	0	9	31	11	1	6	47	0	10000	0	13	20.05
0	0	2	0	0	0	15	43	9	0	3	221	4800	240	4	5	246	4036	249	7	2	11	31	16	2	2	56	0	10000	0	13	19.15
0	0	0	0	0	0	19	30	21	0	4	239	4737	247	5	3	238	4121	223	3	0	12	28	10	0	11	49	0	10000	0	13	18.25
0	1	0	0	0	1	18	31	6	1	3	232	4704	267	5	2	260	4072	265	8	0	17	27	10	2	4	64	0	10000	0	13	17.35
0	1	0	0	0	0	14	36	7	1	6	255	4768	291	2	1	222	4023	252	1	0	17	24	16	0	5	58	0	10000	0	13	16.45
0	0	0	1	0	0	12	32	12	0	2	272	4707	263	2	2	252	4045	249	4	1	15	30	14	2	8	75	0	10000	0	13	15.55
0	1	2	0	0	1	13	40	19	0	4	272	4687	287	5	1	269	3977	272	2	0	14	36	11	1	4	82	0	10000	0	13	14.65
0	1	0	0	0	0	10	38	24	1	2	302	4600	312	5	7	293	4005	256	6	0	19	24	7	1	8	79	0	10000	0	13	13.75
0	0	2	0	0	0	17	54	17	0	3	313	4710	289	5	6	285	3843	267	4	0	12	41	18	0	16	98	0	10000	0	13	12.85
0	1	3	2	0	0	23	46	18	1	4	316	4562	314	5	2	292	3909	310	3	1	15	43	17	0	6	107	0	10000	0	13	11.95
0	0	0	0	0	2	21	61	17	0	5	329	4529	342	1	3	283	3882	291	7	3	14	49	14	0	11	136	0	10000	0	13	11.05
0	1	0	0	0	0	15	63	15	2	8	314	4390	323	7	4	319	4001	291	3	0	11	45	16	1	9	162	0	10000	0	13	10.15
0	0	1	0	0	0	26	49	19	1	4	318	4470	332	5	3	337	3858	312	4	0	21	45	20	0	16	159	0	10000	0	13	9.25
0	0	0	0	0	1	25	48	23	1	3	343	4365	320	7	5	321	3874	387	10	1	18	52	19	0	7	170	0	10000	0	13	8.35
0	1	0	1	0	1	28	67	18	1	1	334	4274	371	4	4	350	3883	353	5	0	13	41	12	0	10	228	0	10000	0	13	7.45
0	1	2	0	0	3	31	60	28	1	5	380	4181	364	6	4	351	3809	378	8	0	16	52	18	0	12	290	0	10000	0	13	6.55
0	0	2	1	0	0	20	60	19	0	5	367	4226	360	5	3	344	3759	372	8	2	19	53	26	2	10	337	0	10000	0	13	5.65
0	2	1	0	0	1	26	55	24	3	4	375	4086	350	5	3	401	3699	345	4	0	19	46	18	1	13	519	0	10000	0	13	4.75
0	0	1	0	0	1	33	58	23	2	4	360	3928	353	6	0	319	3531	328	8	1	20	40	16	1	7	960	0	10000	0	13	3.85
0	0	1	1	0	1	30	48	22	0	8	317	3565	322	4	4	370	3156	325	8	0	17	42	30	1	10	1718	0	10000	0	13	2.95
1	2	0	0	0	0	19	36	17	1	6	315	3081	305	3	3	283	2890	304	4	0	16	40	22	0	18	2634	0	10000	0	13	2.05
0	0	0	1	0	1	18	34	16	1	6	246	2611	243	4	4	216	2376	249	2	0	25	36	14	1	24	3872	0	10000	0	13	1.15
0	1	0	0	0	0	12	41	8	1	3	214	1957	211	7	3	179	1839	176	2	0	9	35	21	1	26	5254	0	10000	0	13	0.25
0	0	2	0	0	0	8	33	11	1	1	160	1465	153	1	3	145	1390	130	1	0	10	22	13	0	20	6431	0	10000	0	13	-0.65
0	0	0	0	0	0	5	25	11	0	2	119	1119	115	2	1	114	962	136	1	1	9	13	11	1	25	7328	0	10000	0	13	-1.55
0	0	1	0	0	0	4	14	4	1	2	68	780	84	4	1	102	782	85	0	0	5	14	3	0	39	8007	0	10000	0	13	-2.45
0	0	0	0	0	0	2	9	7	0	1	66	590	76	1	2	60	544	61	1	0	7	14	1	0	60	8498	0	10000	0	13	-3.35
0	0	0	0	0	0	3	8	5	0	0	34	442	53	1	0	54	396	41	1	0	5	6	6	0	60	8885	0	10000	0	13	-4.25
0	0	0	0	0	0	4	12	2	0	0	34	299	46	0	0	34	305	38	2	0	1	3	3	0	87	9130	0	10000	0	13	-5.15
0	0	0	0	0	0	2	10	3	0	0	32	241	47	1	1	38	243	29	0	0	1	2	1	0	108	9241	0	10000	0	13	-6.05
0	0	0	0	0	0	1	3	4	0	1	27	171	35	2	0	28	178	21	0	1	2	7	1	0	138	9380	0	10000	0	13	-6.95
0	0	1	0	0	0	1	3	2	0	0	16	133	22	0	0	16	143	15	0	0	0	4	1	0	201	9442	0	10000	0	13	-7.85
0	0	0	0	0	0	2	5	1	0	0	9	108	14	0	0	13	99	15	0	0	1	4	0	0	252	9477	0	10000	0	13	-8.75
0	0	1	0	0	0	1	1	0	0	0	7	65	12	0	0	8	79	8	0	0	1	2	0	0	291	9524	0	10000	0	13	-9.65
0	0	0	0	0	0	0	2	0	0	0	10	66	5	0	0	3	70	12	1	0	0	2	0	0	442	9387	0	10000	0	13	-10.55
0	0	0	0	0	0	0	1	1	0	0	2	52	7	0	0	5	35	8	0	0	0	0	0	0	626	9263	0	10000	0	13	-11.45
0	0	0	0	0	0	0	0	2	0	0	2	27	9	1	0	2	36	9	0	0	0	0	2	0	790	9120	0	10000	0	13	-12.35
0	0	1	0	0	0	0	0	0	0	0	7	23	5	0	0	4	22	4	0	0	0	1	1	0	1035	8897	0	10000	0	13	-13.25
0	0	0	0	0	0	0	0	1	0	0	4	18	2	0	0	1	16	1	0	0	0	0	1	0	1444	8512	0	10000	0	13	-14.15
0	0	0	0	0	0	0	0	0	0	0	1	9	1	0	0	0	20	2	0	0	1	0	0	0	1865	8101	0	10000	0	13	-15.05
0	0	0	0	0	0	0	0	0	0	0	1	12	0	0	0	3	6	1	0	0	0	1	1	0	2371	7604	0	10000	0	13	-15.95
0	0	0	0	0	0	0	0	0	0	0	1	3	0	0	0	0	8	0	0	0	0	0	0	0	3232	6756	0	10000	0	13	-16.85
0	0	0	0	0	0	0	0	0	0	0	1	4	2	0	0	0	3	0	0	0	0	0	0	0	4333	5657	0	10000	0	13	-17.75
0	0	0	0	0	0	0	0	0	0	0	1	5	0	0	0	0	3	1	0	0	0	0	0	0	5809	4181	0	10000	0	13	-18.65
0	0	0	0	0	0	0	0	0	0	0	1	2	0	0	0	0	0	0	0	0	0	0	0	0	7281	2716	0	10000	0	13	-19.55
