50	
0	0	0	1	0	1	3	46	34	1	2	102	4702	645	9	2	92	3599	608	12	0	4	28	29	2	9	69	0	10000	5	12.5	24.55
0	1	0	0	0	0	5	48	30	2	0	102	4665	711	8	0	101	3561	618	12	0	6	32	27	0	8	63	0	10000	5	12.5	23.65
0	0	2	0	0	0	6	42	26	0	1	116	4651	652	9	0	88	3599	656	6	0	9	38	34	1	10	54	0	10000	5	12.5	22.75
0	0	1	2	0	1	4	38	36	2	3	92	4630	686	4	1	109	3581	649	8	0	6	41	32	1	8	65	0	10000	5	12.5	21.85
0	0	1	0	0	0	6	37	32	1	2	110	4742	668	15	2	101	3496	614	14	0	8	36	32	0	10	73	0	10000	5	12.5	20.95
0	0	2	1	0	0	14	48	21	0	2	104	4665	690	11	1	95	3549	658	11	0	0	35	30	1	5	57	0	10000	5	12.5	20.05
0	0	1	0	0	0	10	56	29	2	1	110	4804	635	9	0	116	3436	636	6	0	7	35	23	0	9	75	0	10000	5	12.5	19.15
0	0	3	0	0	0	7	54	26	0	2	114	4736	709	7	2	94	3526	588	7	0	1	32	14	1	10	67	0	10000	5	12.5	18.25
0	0	0	2	0	0	10	42	38	1	3	120	4645	690	10	1	114	3550	609	12	1	7	30	27	2	11	75	0	10000	5	12.5	17.35
0	0	0	0	0	0	6	57	36	4	2	119	4634	704	7	1	128	3480	650	8	0	7	42	33	1	7	74	0	10000	5	12.5	16.45
0	0	1	3	0	0	7	59	21	1	3	109	4668	689	9	3	116	3526	617	12	1	6	40	28	1	10	70	0	10000	5	12.5	15.55
0	1	2	2	0	0	9	55	33	0	1	124	4525	743	9	2	124	3528	649	9	0	14	40	25	1	5	99	0	10000	5	12.5	14.65
0	0	0	1	0	1	10	44	40	1	3	117	4577	744	10	1	143	3481	653	8	0	7	40	23	2	5	89	0	10000	5	12.5	13.75
0	0	2	0	0	1	7	56	39	0	4	129	4558	719	13	1	147	3482	647	10	1	5	33	25	0	7	114	0	10000	5	12.5	12.85
0	0	0	1	0	0	12	46	49	2	3	154	4448	750	9	1	122	3544	663	7	0	7	36	25	3	5	113	0	10000	5	12.5	11.95
0	0	2	2	0	2	6	63	34	2	3	153	4381	761	9	1	125	3492	714	10	0	6	44	29	1	8	152	0	10000	5	12.5	11.05
0	0	2	2	0	0	7	45	45	2	3	146	4384	752	10	1	138	3451	697	13	0	7	45	31	2	6	211	0	10000	5	12.5	10.15
0	0	0	0	0	2	16	60	47	1	3	152	4266	825	12	1	158	3427	710	13	0	8	39	28	5	16	211	0	10000	5	12.5	9.25
0	1	0	1	0	0	10	55	32	0	2	172	4256	772	10	3	143	3509	691	7	1	12	44	31	2	12	234	0	10000	5	12.5	8.35
0	0	2	1	0	1	20	69	46	2	4	170	4221	803	7	0	167	3367	768	12	1	10	47	26	3	20	233	0	10000	5	12.5	7.45
0	1	2	0	0	0	10	58	42	1	1	152	4161	811	8	2	147	3399	762	12	0	10	48	41	3	12	317	0	10000	5	12.5	6.55
0	0	3	2	0	0	17	86	35	1	3	139	4002	884	11	3	175	3453	722	5	0	14	49	23	0	7	366	0	10000	5	12.5	5.65
0	0	1	4	0	0	15	65	42	1	0	193	4012	814	17	0	166	3300	722	9	0	7	54	43	0	11	524	0	10000	5	12.5	4.75
0	0	1	0	0	1	10	68	41	1	0	156	3783	746	9	2	141	3132	741	7	1	8	50	38	1	15	1048	0	10000	5	12.5	3.85
0	0	2	1	0	2	7	63	39	0	1	149	3494	697	6	0	147	2947	645	5	1	5	60	22	0	14	1693	0	10000	5	12.5	2.95
0	0	0	1	0	0	9	63	43	1	2	125	2993	603	7	0	154	2588	552	6	1	9	46	31	1	21	2744	0	10000	5	12.5	2.05
0	1	3	1	1	0	10	47	30	0	1	93	2474	578	9	2	97	2149	485	9	0	8	37	21	1	19	3924	0	10000	5	12.5	1.15
0	0	2	0	0	0	13	35	25	0	3	77	1933	494	7	0	84	1563	399	7	0	6	28	23	0	19	5282	0	10000	5	12.5	0.25
0	0	1	0	0	0	4	34	14	1	2	57	1443	318	3	1	63	1221	288	8	0	4	29	14	1	34	6460	0	10000	5	12.5	-0.65
0	0	0	2	0	0	7	21	15	0	0	48	1064	240	4	1	54	945	229	2	0	2	20	18	2	29	7297	0	10000	5	12.5	-1.55
0	0	0	0	0	0	1	16	13	0	0	47	801	193	2	0	29	722	167	2	1	3	14	7	1	37	7944	0	10000	5	12.5	-2.45
0	0	1	0	0	0	4	12	10	1	0	38	578	129	1	1	17	534	127	0	0	1	11	11	1	45	8478	0	10000	5	12.5	-3.35
0	0	0	0	0	0	1	9	11	0	0	23	432	99	2	0	27	399	106	2	0	3	11	3	0	68	8804	0	10000	5	12.5	-4.25
0	0	0	0	0	0	0	3	3	0	1	22	318	82	2	0	23	300	76	1	0	0	7	7	0	82	9073	0	10000	5	12.5	-5.15
0	0	0	0	0	0	0	7	4	0	1	16	226	56	0	0	13	224	64	0	0	1	8	1	0	102	9277	0	10000	5	12.5	-6.05
0	0	0	0	0	0	2	6	1	0	0	8	184	43	0	0	10	153	54	0	0	1	3	6	0	155	9374	0	10000	5	12.5	-6.95
0	0	0	0	0	0	1	3	3	0	0	8	145	46	3	0	8	102	38	1	0	0	3	1	0	180	9458	0	10000	5	12.5	-7.85
0	0	0	0	0	0	0	4	2	0	0	7	96	21	0	0	3	89	25	1	0	0	1	2	0	254	9495	0	10000	5	12.5	-8.75
0	0	0	0	0	0	1	4	1	0	0	3	61	25	0	0	4	65	27	1	0	0	0	1	0	338	9469	0	10000	5	12.5	-9.65
0	0	0	0	0	0	0	4	0	0	0	5	48	17	0	0	6	46	13	1	0	0	0	0	0	460	9400	0	10000	5	12.5	-10.55
0	0	0	0	0	0	0	0	0	0	0	2	45	18	0	0	2	49	10	0	0	0	2	3	0	569	9300	0	10000	5	12.5	-11.45
0	0	0	0	0	0	0	0	2	0	0	2	47	10	0	0	1	25	3	0	0	0	0	0	0	772	9138	0	10000	5	12.5	-12.35
0	0	0	0	0	0	0	2	0	1	0	2	12	7	0	0	2	26	9	0	0	0	0	0	0	1084	8855	0	10000	5	12.5	-13.25
0	0	0	0	0	0	0	1	0	0	0	1	14	4	0	0	2	17	4	0	0	0	0	0	0	1430	8527	0	10000	5	12.5	-14.15
0	0	0	0	0	0	0	0	1	0	0	1	11	10	0	0	1	8	5	0	0	0	0	0	0	1831	8132	0	10000	5	12.5	-15.05
0	0	0	0	0	0	0	0	1	0	0	1	9	2	0	0	1	7	3	0	0	0	1	0	0	2456	7519	0	10000	5	12.5	-15.95
0	0	0	0	0	0	0	0	0	0	0	1	10	2	0	0	0	6	4	0	0	0	0	0	0	3210	6767	0	10000	5	12.5	-16.85
0	0	0	0	0	0	0	0	0	0	0	0	3	0	0	0	0	6	0	0	0	0	1	0	0	4228	5762	0	10000	5	12.5	-17.75
0	0	0	0	0	0	0	0	0	0	0	1	2	2	0	0	2	0	0	0	0	0	0	0	0	5788	4205	0	10000	5	12.5	-18.65
0	0	0	0	0	0	0	0	0	0	0	0	0	0	0	0	0	2	2	0	0	0	0	0	0	7336	2660	0	10000	5	12.5	-19.55
