50	
0	0	3	5	1	0	11	174	158	5	0	20	7196	1562	14	0	16	464	308	7	0	0	9	7	1	0	39	0	10000	9.5	2	24.55
0	0	4	5	0	0	12	188	141	3	0	17	7378	1457	19	0	16	399	288	5	0	2	11	7	2	2	44	0	10000	9.5	2	23.65
0	0	2	1	0	0	8	173	145	1	0	33	7377	1500	10	1	12	413	261	5	0	1	7	5	3	3	39	0	10000	9.5	2	22.75
0	1	3	4	0	0	9	181	138	9	1	25	7449	1426	10	0	16	416	242	3	0	0	8	10	0	7	42	0	10000	9.5	2	21.85
0	2	1	7	0	0	7	169	128	1	1	14	7572	1343	13	0	13	395	272	7	0	3	5	5	0	3	39	0	10000	9.5	2	20.95
0	0	3	5	0	0	8	178	135	6	0	21	7620	1305	10	1	10	380	260	5	0	0	7	8	0	4	34	0	10000	9.5	2	20.05
0	0	2	4	0	0	5	189	123	4	2	27	7643	1322	7	1	7	362	241	7	0	1	8	6	1	2	36	0	10000	9.5	2	19.15
0	2	6	4	0	0	13	182	131	2	1	28	7650	1298	8	0	12	349	254	3	0	2	5	4	0	2	44	0	10000	9.5	2	18.25
0	1	3	4	0	0	11	182	137	3	0	33	7624	1299	6	0	9	369	229	5	0	0	7	11	0	4	63	0	10000	9.5	2	17.35
0	0	4	5	0	0	14	182	137	4	0	28	7567	1310	4	0	18	400	245	8	0	0	9	6	1	4	54	0	10000	9.5	2	16.45
0	1	4	5	0	0	9	225	136	5	1	34	7357	1439	10	0	17	394	279	7	0	1	10	7	0	2	57	0	10000	9.5	2	15.55
0	0	7	5	0	0	17	208	178	8	0	24	7225	1471	12	1	12	458	280	9	0	1	15	9	1	3	56	0	10000	9.5	2	14.65
0	1	3	3	0	2	11	266	162	5	1	33	6991	1599	16	0	20	467	303	12	0	1	10	10	1	3	80	0	10000	9.5	2	13.75
0	0	5	2	0	0	16	265	214	2	1	33	7030	1453	12	0	19	504	323	7	0	1	10	10	0	4	89	0	10000	9.5	2	12.85
0	0	9	3	0	1	17	253	174	6	0	50	6883	1582	14	0	19	518	320	12	0	3	10	12	2	2	110	0	10000	9.5	2	11.95
0	2	4	3	0	0	22	299	234	5	0	48	6547	1706	14	1	20	572	360	15	0	2	10	7	0	4	125	0	10000	9.5	2	11.05
0	2	4	7	0	0	12	286	210	8	0	50	6446	1726	19	0	25	626	382	9	0	2	11	10	0	3	162	0	10000	9.5	2	10.15
0	1	8	2	1	0	19	349	206	3	0	48	6351	1762	13	1	26	651	357	10	0	1	10	18	2	4	157	0	10000	9.5	2	9.25
0	0	9	4	1	0	14	314	238	7	0	55	6113	1876	17	0	36	679	400	9	0	3	11	7	2	6	199	0	10000	9.5	2	8.35
0	0	7	8	1	0	20	332	248	6	0	60	6085	1873	11	1	22	674	367	10	0	1	14	9	0	6	245	0	10000	9.5	2	7.45
0	0	8	7	0	2	16	369	234	10	2	71	5859	1983	17	0	35	636	403	10	0	1	10	11	1	7	308	0	10000	9.5	2	6.55
0	1	9	4	0	1	16	348	238	5	1	68	5883	1857	18	0	35	722	412	6	0	1	13	12	0	13	337	0	10000	9.5	2	5.65
0	0	8	10	0	1	16	357	251	9	0	64	5682	1870	30	1	28	692	427	13	0	1	11	17	1	10	501	0	10000	9.5	2	4.75
0	1	2	7	0	2	20	350	231	6	0	55	5322	1935	14	2	25	659	403	12	0	1	17	10	1	7	918	0	10000	9.5	2	3.85
0	1	8	11	0	0	25	339	235	8	0	64	4767	1755	16	3	20	629	389	15	0	3	10	10	0	9	1683	0	10000	9.5	2	2.95
0	2	8	6	1	0	15	314	205	6	2	58	4295	1505	18	1	26	532	335	11	0	1	12	13	2	21	2611	0	10000	9.5	2	2.05
0	0	2	6	0	2	16	221	184	9	0	43	3532	1263	16	1	23	495	280	9	0	0	12	4	1	9	3872	0	10000	9.5	2	1.15
0	2	3	1	0	0	19	179	148	4	1	34	2690	965	15	0	19	377	244	7	0	3	7	9	1	16	5256	0	10000	9.5	2	0.25
0	3	3	4	0	1	10	145	100	5	0	26	1962	730	3	0	16	289	169	4	0	1	6	5	1	21	6496	0	10000	9.5	2	-0.65
0	0	5	2	0	0	5	114	74	1	0	23	1424	586	3	0	11	214	140	4	0	1	4	5	0	38	7346	0	10000	9.5	2	-1.55
0	0	5	2	0	0	4	92	66	2	0	20	1052	416	6	0	10	172	92	2	0	1	2	3	0	35	8018	0	10000	9.5	2	-2.45
0	0	2	1	0	0	3	80	50	3	0	9	800	317	1	0	8	118	88	2	0	0	4	4	0	36	8474	0	10000	9.5	2	-3.35
0	0	2	1	0	0	2	51	31	1	0	13	609	250	2	0	5	104	67	0	0	0	2	1	0	41	8818	0	10000	9.5	2	-4.25
0	0	0	2	0	0	3	42	31	2	0	13	404	178	2	0	2	61	50	0	0	0	1	2	0	89	9118	0	10000	9.5	2	-5.15
0	0	2	0	0	0	1	32	23	0	0	8	302	143	1	0	4	59	41	1	0	0	1	2	0	103	9277	0	10000	9.5	2	-6.05
0	0	0	0	1	0	1	14	15	0	0	3	241	91	3	0	3	38	29	2	0	0	1	2	0	150	9406	0	10000	9.5	2	-6.95
0	1	1	0	0	1	1	16	9	1	0	5	142	83	0	0	4	42	19	1	0	0	2	0	0	198	9474	0	10000	9.5	2	-7.85
0	0	1	0	0	0	1	16	6	0	0	8	133	57	0	0	0	16	12	0	0	0	0	0	1	241	9508	0	10000	9.5	2	-8.75
0	0	0	0	0	0	0	8	10	0	0	2	99	47	0	0	0	17	15	1	0	0	0	1	0	337	9463	0	10000	9.5	2	-9.65
0	0	0	0	0	0	0	8	6	0	0	1	59	36	1	0	2	11	10	1	0	0	0	0	0	431	9434	0	10000	9.5	2	-10.55
0	0	0	0	0	0	1	7	3	0	0	1	40	28	1	0	0	11	9	0	0	0	0	0	0	565	9334	0	10000	9.5	2	-11.45
0	0	0	0	0	0	1	7	1	0	0	1	54	17	0	0	1	9	5	0	0	0	0	0	0	743	9161	0	10000	9.5	2	-12.35
0	0	0	0	0	0	0	3	2	0	0	0	22	14	0	0	1	5	5	0	0	0	0	0	0	1005	8943	0	10000	9.5	2	-13.25
0	0	0	0	0	0	0	4	2	0	0	0	21	16	0	0	0	2	6	0	0	0	1	0	0	1430	8518	0	10000	9.5	2	-14.15
0	0	0	0	0	0	0	1	0	0	0	0	18	5	0	0	0	4	0	0	0	0	0	0	0	1818	8154	0	10000	9.5	2	-15.05
0	0	0	0	0	0	0	1	4	0	0	1	9	5	0	0	0	4	4	0	0	0	0	0	0	2402	7570	0	10000	9.5	2	-15.95
0	0	0	0	0	0	0	0	1	0	0	0	7	3	1	0	0	3	0	0	0	0	0	0	0	3262	6723	0	10000	9.5	2	-16.85
0	0	0	0	0	0	0	1	0	0	0	0	5	4	0	0	0	2	1	0	0	0	0	0	0	4319	5668	0	10000	9.5	2	-17.75
0	0	0	0	0	0	0	0	0	0	0	1	3	2	0	0	0	1	1	0	0	0	0	0	0	5792	4200	0	10000	9.5	2	-18.65
0	0	0	0	0	0	0	0	0	0	0	0	0	0	0	0	0	0	2	0	0	0	0	0	0	7361	2637	0	10000	9.5	2	-19.55
