50	
0	1	1	2	1	0	4	123	78	0	1	10	8372	859	1	0	10	319	180	4	0	0	8	5	0	2	19	0	10000	7.5	2	24.55
0	1	1	1	0	0	2	114	83	0	1	20	8549	729	7	0	6	292	149	4	0	0	2	6	0	1	32	0	10000	7.5	2	23.65
0	1	3	1	0	0	4	102	74	1	0	20	8673	672	5	0	9	246	148	5	0	0	3	3	0	0	30	0	10000	7.5	2	22.75
0	0	1	1	0	0	4	65	66	3	0	20	8816	645	3	0	10	212	115	4	0	0	6	2	0	3	24	0	10000	7.5	2	21.85
0	0	0	1	0	0	5	85	51	1	0	23	8844	596	6	0	9	222	114	5	0	0	6	5	1	1	25	0	10000	7.5	2	20.95
0	1	1	5	0	0	5	88	48	0	0	11	8964	536	2	0	4	207	98	1	0	1	1	3	1	2	21	0	10000	7.5	2	20.05
0	0	0	0	0	0	4	77	47	1	0	14	8962	516	3	0	11	196	134	3	0	0	2	1	1	4	24	0	10000	7.5	2	19.15
0	0	1	0	0	1	4	99	56	1	0	21	8892	540	4	0	3	205	136	2	0	1	2	4	1	3	24	0	10000	7.5	2	18.25
0	2	4	2	0	0	4	100	65	2	1	19	8789	625	5	0	9	211	118	3	0	2	3	3	0	2	31	0	10000	7.5	2	17.35
0	1	1	2	0	0	4	120	76	1	1	22	8751	581	6	0	5	255	141	3	0	1	2	7	0	1	19	0	10000	7.5	2	16.45
0	0	1	1	0	1	11	116	76	4	0	24	8637	633	4	1	17	272	153	3	0	1	3	5	0	2	35	0	10000	7.5	2	15.55
0	1	4	1	0	0	11	135	103	0	0	27	8436	719	7	0	16	341	151	3	0	0	5	3	2	1	34	0	10000	7.5	2	14.65
0	1	4	2	1	0	15	163	106	2	0	23	8262	797	12	0	20	341	180	8	0	0	2	1	1	2	57	0	10000	7.5	2	13.75
0	0	3	7	0	1	8	194	147	3	0	39	8016	907	12	0	16	382	171	3	0	1	9	8	0	2	71	0	10000	7.5	2	12.85
0	0	3	0	1	0	13	193	117	5	1	50	7886	901	10	0	31	456	228	5	0	3	10	8	0	2	77	0	10000	7.5	2	11.95
0	0	3	6	1	1	17	221	172	2	1	49	7630	1051	10	0	30	470	215	3	0	3	6	9	2	1	97	0	10000	7.5	2	11.05
0	0	4	3	1	0	16	212	152	3	0	45	7438	1181	7	1	18	491	275	7	0	1	6	11	1	6	121	0	10000	7.5	2	10.15
0	0	7	4	0	0	21	268	150	2	0	67	7146	1238	7	1	30	588	277	7	0	1	11	5	2	3	165	0	10000	7.5	2	9.25
0	0	7	0	0	0	16	308	190	4	0	80	7025	1206	9	2	34	598	300	6	0	2	12	16	0	4	181	0	10000	7.5	2	8.35
0	0	11	8	2	1	19	315	176	2	0	76	6815	1327	14	0	28	637	311	8	0	1	9	7	0	8	225	0	10000	7.5	2	7.45
0	1	1	6	0	0	21	353	182	4	1	78	6725	1330	14	1	32	630	321	8	0	1	14	7	2	8	260	0	10000	7.5	2	6.55
0	2	9	2	1	0	15	333	210	5	2	74	6616	1363	19	1	41	664	331	4	0	0	14	8	1	6	279	0	10000	7.5	2	5.65
1	0	5	7	0	0	19	293	195	7	1	77	6407	1402	12	0	38	679	331	8	0	1	16	16	1	7	477	0	10000	7.5	2	4.75
0	1	5	3	0	0	18	322	195	4	1	74	6014	1359	15	0	37	611	344	7	0	2	13	7	2	9	957	0	10000	7.5	2	3.85
0	0	5	6	0	0	30	291	190	6	1	100	5440	1244	15	0	39	648	315	10	0	1	11	8	0	4	1636	0	10000	7.5	2	2.95
0	2	5	4	0	0	21	285	176	6	3	87	4671	1111	14	0	34	589	285	8	0	0	11	7	0	12	2669	0	10000	7.5	2	2.05
0	1	3	1	1	1	16	242	137	5	1	69	3896	958	8	1	30	476	202	6	0	0	7	9	0	14	3916	0	10000	7.5	2	1.15
0	0	4	4	0	0	18	176	130	2	1	54	2939	709	5	0	29	393	191	4	0	0	4	2	0	19	5316	0	10000	7.5	2	0.25
0	1	2	2	0	0	18	146	108	4	0	48	2117	524	4	0	18	269	136	4	0	1	7	8	0	18	6565	0	10000	7.5	2	-0.65
0	1	4	3	0	0	7	127	69	0	0	37	1614	417	3	1	10	212	112	4	1	2	7	1	0	28	7340	0	10000	7.5	2	-1.55
0	0	2	2	0	1	9	78	43	2	1	40	1183	321	3	0	7	184	105	1	0	0	3	5	0	40	7970	0	10000	7.5	2	-2.45
0	0	1	2	0	0	2	61	39	1	0	27	858	264	5	0	8	121	57	4	0	0	3	1	0	38	8508	0	10000	7.5	2	-3.35
0	0	3	0	0	1	3	69	30	2	0	22	681	189	2	0	3	101	49	1	0	1	1	0	0	53	8789	0	10000	7.5	2	-4.25
0	0	0	2	0	0	4	45	23	1	0	10	479	156	3	0	4	74	33	2	0	2	3	1	0	78	9080	0	10000	7.5	2	-5.15
0	0	0	1	0	0	5	37	10	0	0	17	381	112	2	0	8	72	23	2	0	0	2	1	0	103	9224	0	10000	7.5	2	-6.05
0	0	0	0	0	0	6	33	14	0	0	5	237	83	0	0	0	38	20	0	0	0	1	1	0	148	9414	0	10000	7.5	2	-6.95
0	0	0	0	0	0	1	19	13	0	1	7	198	60	1	0	1	28	14	0	0	0	2	0	0	206	9449	0	10000	7.5	2	-7.85
0	0	0	0	0	0	1	16	11	0	0	7	111	54	0	1	3	31	14	0	0	0	0	0	0	272	9479	0	10000	7.5	2	-8.75
0	0	0	0	0	0	2	10	5	0	0	3	108	34	1	0	2	14	10	0	0	0	0	0	0	334	9477	0	10000	7.5	2	-9.65
0	0	1	0	0	0	1	12	2	0	0	2	78	24	0	0	3	12	9	0	0	0	0	1	0	491	9364	0	10000	7.5	2	-10.55
0	0	0	0	0	0	0	5	3	0	0	2	48	29	0	0	2	12	3	0	0	0	0	0	0	582	9314	0	10000	7.5	2	-11.45
0	0	0	0	0	0	0	6	2	1	0	4	38	21	0	0	0	8	6	0	0	0	0	2	0	756	9156	0	10000	7.5	2	-12.35
0	0	1	0	0	0	0	9	3	0	0	4	37	7	0	0	0	5	3	0	0	0	0	0	0	969	8962	0	10000	7.5	2	-13.25
0	0	0	0	0	0	1	4	2	0	0	3	19	6	1	0	0	6	2	0	0	0	0	0	0	1358	8598	0	10000	7.5	2	-14.15
0	0	0	0	0	0	0	1	1	0	0	1	10	10	1	0	0	6	3	0	0	0	0	0	0	1812	8155	0	10000	7.5	2	-15.05
0	0	0	0	0	0	0	2	1	0	0	1	11	6	0	0	0	2	2	0	0	0	0	0	0	2456	7519	0	10000	7.5	2	-15.95
0	0	0	0	0	0	0	0	2	0	0	0	7	5	0	0	0	2	3	0	0	0	0	0	0	3297	6684	0	10000	7.5	2	-16.85
0	0	0	0	0	0	0	1	0	0	0	0	6	4	0	0	0	0	2	0	0	0	0	0	0	4349	5638	0	10000	7.5	2	-17.75
0	0	0	0	0	0	0	0	0	0	0	0	2	1	0	0	0	0	1	0	0	0	0	0	0	5756	4240	0	10000	7.5	2	-18.65
0	0	0	0	0	0	0	0	0	0	0	1	2	1	0	0	0	0	1	0	0	0	0	0	0	7355	2640	0	10000	7.5	2	-19.55
