50	
0	0	1	0	0	0	5	22	7	1	1	88	8421	177	1	1	84	1054	104	0	0	2	8	3	0	0	20	0	10000	1	7.5	24.55
0	0	0	0	0	0	2	17	3	2	0	99	8559	146	0	3	79	951	107	0	0	2	11	4	0	3	12	0	10000	1	7.5	23.65
0	0	1	0	0	0	8	16	7	0	2	91	8736	156	0	0	57	809	94	1	0	2	5	4	0	0	11	0	10000	1	7.5	22.75
0	0	1	0	0	0	6	17	9	0	0	73	8815	133	2	1	65	766	81	0	0	3	6	5	0	1	16	0	10000	1	7.5	21.85
0	0	0	0	0	0	8	20	7	0	0	79	8942	126	2	0	51	659	80	0	0	2	9	1	0	0	14	0	10000	1	7.5	20.95
0	0	0	0	0	0	8	18	5	0	3	67	8995	110	1	0	57	620	86	1	0	3	4	0	0	4	18	0	10000	1	7.5	20.05
0	0	0	1	0	0	2	18	9	0	1	62	9014	104	1	0	59	615	80	0	0	1	13	2	0	1	17	0	10000	1	7.5	19.15
0	0	1	0	0	2	7	12	4	0	0	72	9027	106	4	1	60	609	65	2	0	2	5	1	0	1	19	0	10000	1	7.5	18.25
0	0	1	1	0	0	8	31	15	0	1	95	8937	137	2	0	63	593	82	0	1	2	9	2	0	2	18	0	10000	1	7.5	17.35
0	0	0	0	0	0	11	25	10	1	1	87	8790	145	3	2	73	711	95	3	0	3	4	2	0	3	31	0	10000	1	7.5	16.45
0	0	1	1	0	0	10	31	14	0	1	105	8632	180	1	3	73	787	110	1	0	3	10	8	0	4	25	0	10000	1	7.5	15.55
0	0	1	0	0	0	10	31	9	0	4	125	8460	192	3	2	97	902	99	2	0	4	13	3	0	4	39	0	10000	1	7.5	14.65
0	0	1	1	0	1	6	48	12	0	3	128	8233	209	4	1	102	1038	131	2	0	4	14	8	1	1	52	0	10000	1	7.5	13.75
0	0	1	0	0	2	7	49	21	1	3	182	8103	242	2	1	115	1041	145	5	0	3	13	3	0	4	57	0	10000	1	7.5	12.85
0	1	0	0	0	2	16	71	17	0	3	184	7965	256	2	1	120	1104	171	3	0	6	13	3	0	6	56	0	10000	1	7.5	11.95
0	0	1	1	0	0	26	64	33	1	2	231	7678	318	1	2	133	1214	184	1	0	5	9	11	1	2	82	0	10000	1	7.5	11.05
0	1	0	0	0	0	28	69	20	3	2	224	7388	343	6	3	159	1404	200	5	1	6	13	12	0	4	109	0	10000	1	7.5	10.15
0	1	1	0	0	1	23	88	34	2	2	252	7230	358	3	3	159	1460	209	4	0	9	19	13	0	3	126	0	10000	1	7.5	9.25
0	3	1	1	0	1	28	86	25	3	4	255	7036	357	7	3	189	1572	211	4	1	8	11	14	0	4	176	0	10000	1	7.5	8.35
0	0	3	0	0	1	25	94	44	0	3	287	6828	417	5	2	162	1609	247	8	0	5	21	12	2	4	221	0	10000	1	7.5	7.45
0	0	2	0	1	0	22	96	26	0	9	278	6696	428	4	4	189	1671	241	4	0	9	20	4	0	9	287	0	10000	1	7.5	6.55
0	1	2	1	0	3	25	120	33	1	7	304	6623	429	4	4	172	1686	235	5	1	7	24	12	0	4	297	0	10000	1	7.5	5.65
0	1	0	2	0	0	32	91	46	1	3	299	6384	412	4	2	189	1751	242	7	0	8	25	9	0	2	490	0	10000	1	7.5	4.75
0	0	3	1	0	2	34	97	35	1	3	307	5935	435	3	4	195	1679	246	3	0	12	27	13	0	8	957	0	10000	1	7.5	3.85
0	1	1	0	0	1	26	119	43	2	4	316	5442	408	5	2	162	1519	249	1	1	9	24	13	0	9	1643	0	10000	1	7.5	2.95
0	0	2	0	0	1	26	110	40	1	4	248	4735	375	2	1	162	1343	206	3	0	10	21	15	0	11	2684	0	10000	1	7.5	2.05
0	2	4	2	0	1	19	94	36	0	1	224	3778	324	0	3	139	1182	211	6	1	7	13	7	0	19	3927	0	10000	1	7.5	1.15
0	1	2	2	0	0	17	85	22	1	1	188	2882	273	4	1	104	903	150	4	0	6	9	9	0	11	5325	0	10000	1	7.5	0.25
0	2	0	0	0	0	13	53	15	0	1	123	2161	182	2	2	76	685	120	1	0	3	10	6	0	22	6523	0	10000	1	7.5	-0.65
0	1	1	0	0	1	16	42	25	2	2	106	1587	148	0	1	69	507	103	2	0	1	6	4	0	24	7352	0	10000	1	7.5	-1.55
0	1	0	0	0	0	6	36	9	0	0	81	1182	108	1	2	49	341	80	1	0	2	6	4	0	40	8051	0	10000	1	7.5	-2.45
0	0	0	0	0	0	9	28	8	1	5	63	860	92	3	1	41	322	49	1	0	2	1	4	1	38	8471	0	10000	1	7.5	-3.35
0	1	0	0	0	0	3	36	8	0	0	51	650	77	0	0	35	233	46	0	0	1	5	2	0	78	8774	0	10000	1	7.5	-4.25
0	0	2	0	0	0	4	16	6	1	0	32	491	56	2	0	21	196	34	0	0	0	3	1	0	83	9052	0	10000	1	7.5	-5.15
0	0	0	0	0	0	0	11	5	0	0	24	366	51	0	0	21	129	36	0	0	1	4	1	0	91	9260	0	10000	1	7.5	-6.05
0	0	0	0	0	0	3	12	5	0	0	20	280	36	0	1	10	106	18	0	0	0	2	0	0	136	9371	0	10000	1	7.5	-6.95
0	0	0	0	0	0	0	10	5	0	0	15	201	22	0	0	15	80	14	0	0	1	0	1	0	182	9454	0	10000	1	7.5	-7.85
0	0	1	0	0	1	4	10	3	0	0	7	138	18	0	0	7	51	15	0	0	0	1	2	0	246	9496	0	10000	1	7.5	-8.75
0	0	0	0	0	0	1	7	2	0	0	9	112	20	0	0	4	49	11	0	0	0	0	0	0	352	9433	0	10000	1	7.5	-9.65
0	0	0	0	0	0	2	4	2	0	0	7	86	12	0	0	3	33	6	0	0	0	1	0	0	428	9416	0	10000	1	7.5	-10.55
0	0	0	0	0	0	0	5	2	0	0	2	58	10	0	0	2	22	6	0	0	0	1	0	0	549	9343	0	10000	1	7.5	-11.45
0	0	0	0	0	0	2	7	1	0	0	5	42	5	0	0	2	15	2	0	0	0	0	1	0	751	9167	0	10000	1	7.5	-12.35
0	0	0	0	0	0	0	0	0	0	0	2	30	6	0	0	1	11	3	0	0	0	0	0	0	942	9005	0	10000	1	7.5	-13.25
0	0	0	0	0	0	0	2	1	0	0	2	18	4	0	0	1	7	4	0	0	0	0	0	0	1402	8559	0	10000	1	7.5	-14.15
0	0	0	0	0	0	0	0	0	0	0	2	16	3	0	0	4	3	4	0	0	0	0	0	0	1745	8223	0	10000	1	7.5	-15.05
0	0	0	0	0	0	0	0	0	0	0	0	10	1	0	0	2	4	4	0	0	1	0	0	0	2438	7540	0	10000	1	7.5	-15.95
0	0	0	0	0	0	0	3	1	0	0	0	9	3	0	0	1	4	0	0	0	0	0	0	0	3237	6742	0	10000	1	7.5	-16.85
0	0	0	0	0	0	0	0	0	0	0	2	4	1	0	0	1	0	1	0	0	0	0	0	0	4192	5799	0	10000	1	7.5	-17.75
0	0	0	0	0	0	0	2	0	0	0	0	7	0	0	0	1	2	0	0	0	0	0	0	0	5824	4164	0	10000	1	7.5	-18.65
0	0	0	0	0	0	0	0	0	0	0	0	3	0	0	0	0	3	0	0	0	0	0	0	0	7312	2682	0	10000	1	7.5	-19.55
