50	
0	2	1	3	0	0	5	162	167	2	0	36	5008	2941	17	0	25	824	672	15	0	3	22	14	1	7	73	0	10000	12.5	4.5	24.55
0	0	5	4	0	0	6	167	154	4	0	31	5138	2922	28	2	13	786	628	16	0	2	16	18	2	3	55	0	10000	12.5	4.5	23.65
0	2	3	7	1	1	8	191	153	7	0	31	5039	2822	21	0	24	871	683	8	0	1	25	18	0	5	79	0	10000	12.5	4.5	22.75
0	1	4	4	1	0	4	186	158	8	0	33	5004	2938	18	0	28	819	685	14	0	1	24	13	0	6	51	0	10000	12.5	4.5	21.85
0	0	2	3	0	0	7	180	145	5	0	27	5123	2818	14	0	16	861	675	12	0	2	13	17	1	5	74	0	10000	12.5	4.5	20.95
0	1	5	0	0	0	11	206	166	1	2	31	5070	2854	24	0	18	808	674	15	0	0	22	17	1	3	71	0	10000	12.5	4.5	20.05
0	2	2	8	0	0	3	176	137	7	0	31	5023	2884	19	0	25	871	675	10	0	1	27	20	3	7	69	0	10000	12.5	4.5	19.15
0	0	4	4	0	0	8	181	174	1	0	34	5161	2786	21	0	14	821	653	20	0	3	19	20	1	3	72	0	10000	12.5	4.5	18.25
0	0	6	0	0	0	12	211	160	7	1	36	5026	2865	16	0	24	844	640	17	0	3	18	24	0	7	83	0	10000	12.5	4.5	17.35
0	0	1	5	0	0	6	175	177	4	1	34	4991	2888	17	0	25	836	696	14	0	0	20	22	1	7	80	0	10000	12.5	4.5	16.45
0	0	5	6	1	0	3	203	185	4	0	35	4983	2825	22	0	24	873	662	14	0	1	15	31	2	7	99	0	10000	12.5	4.5	15.55
0	0	5	1	1	0	10	199	186	7	2	36	4893	2966	31	2	20	830	657	11	0	1	13	20	2	9	98	0	10000	12.5	4.5	14.65
0	1	4	1	0	0	9	210	205	4	0	49	4877	2832	26	0	20	889	713	21	0	0	13	6	2	8	110	0	10000	12.5	4.5	13.75
0	0	3	2	0	0	16	221	191	7	1	43	4799	2872	24	1	24	859	743	29	0	4	21	16	0	4	120	0	10000	12.5	4.5	12.85
0	2	2	3	0	0	10	202	206	8	0	39	4824	2866	24	0	30	857	722	10	0	3	20	20	1	9	142	0	10000	12.5	4.5	11.95
0	3	1	4	0	1	16	201	208	6	0	51	4694	2957	26	0	32	846	735	18	0	3	20	19	1	8	150	0	10000	12.5	4.5	11.05
0	0	3	8	1	0	10	238	212	6	1	51	4607	2940	24	0	43	925	707	15	0	2	17	18	2	9	161	0	10000	12.5	4.5	10.15
0	0	4	4	0	0	8	223	210	7	0	50	4568	2946	35	0	27	935	741	17	0	4	17	24	1	7	172	0	10000	12.5	4.5	9.25
2	1	6	6	2	0	11	230	232	13	1	49	4411	2876	27	0	31	1008	806	16	0	5	20	12	2	6	227	0	10000	12.5	4.5	8.35
0	1	5	4	0	0	13	269	223	8	1	33	4421	2894	36	0	25	968	751	19	0	2	27	23	2	11	264	0	10000	12.5	4.5	7.45
0	0	6	6	0	0	15	265	218	6	0	65	4453	2785	33	0	24	979	761	20	0	2	29	25	2	5	301	0	10000	12.5	4.5	6.55
0	1	6	7	0	0	13	273	226	12	0	47	4389	2777	31	1	27	979	754	20	0	4	21	30	1	11	370	0	10000	12.5	4.5	5.65
0	1	4	5	0	1	11	252	218	15	0	60	4273	2776	29	0	26	957	765	27	0	4	29	24	0	11	512	0	10000	12.5	4.5	4.75
0	0	5	4	0	0	14	239	256	10	1	59	4003	2656	31	0	35	899	760	13	0	2	21	24	1	12	955	0	10000	12.5	4.5	3.85
0	1	3	3	0	0	13	208	197	7	2	51	3682	2496	22	0	32	814	709	14	0	4	17	13	0	11	1701	0	10000	12.5	4.5	2.95
0	1	3	4	0	0	6	194	181	5	0	42	3239	2120	29	1	20	752	579	19	0	1	16	18	0	10	2760	0	10000	12.5	4.5	2.05
0	0	2	5	0	0	12	158	157	7	0	32	2593	1786	13	0	19	676	486	16	0	1	16	15	1	12	3993	0	10000	12.5	4.5	1.15
0	0	2	2	0	0	4	167	125	8	0	30	1973	1407	18	1	18	486	396	12	0	1	10	8	3	15	5314	0	10000	12.5	4.5	0.25
0	0	2	1	0	0	7	81	96	2	0	21	1429	1107	16	0	11	386	279	5	0	0	13	7	1	27	6509	0	10000	12.5	4.5	-0.65
0	0	2	0	1	0	4	82	85	0	3	15	1099	786	10	0	8	278	240	11	0	0	5	9	0	34	7328	0	10000	12.5	4.5	-1.55
0	0	1	6	0	0	0	63	64	1	0	9	885	569	3	0	11	207	156	7	0	0	3	5	1	43	7966	0	10000	12.5	4.5	-2.45
0	0	0	0	0	0	0	55	45	2	0	14	601	454	6	0	5	158	133	0	0	0	5	5	0	30	8487	0	10000	12.5	4.5	-3.35
0	1	0	0	0	0	2	33	38	1	0	13	425	300	6	0	6	127	106	2	0	1	1	4	0	70	8864	0	10000	12.5	4.5	-4.25
0	0	0	0	0	0	1	34	24	0	0	6	346	241	4	0	4	104	74	3	0	0	4	4	1	78	9072	0	10000	12.5	4.5	-5.15
0	0	0	1	0	0	0	16	16	3	0	7	250	176	2	0	4	83	55	3	0	0	0	1	0	101	9282	0	10000	12.5	4.5	-6.05
0	0	0	2	0	0	0	12	7	2	1	6	200	149	2	0	0	55	50	0	0	0	1	1	0	141	9371	0	10000	12.5	4.5	-6.95
0	0	0	0	0	0	0	11	12	0	0	2	134	109	2	0	3	39	33	1	0	0	0	0	0	202	9452	0	10000	12.5	4.5	-7.85
0	0	0	0	0	0	0	10	10	0	0	2	92	81	3	0	0	23	22	2	0	0	2	1	0	256	9496	0	10000	12.5	4.5	-8.75
0	0	0	0	0	0	1	5	5	0	0	0	79	58	1	0	1	16	24	1	0	0	0	0	0	324	9485	0	10000	12.5	4.5	-9.65
0	0	0	0	0	0	0	10	6	0	0	0	62	61	2	0	0	16	11	0	0	0	1	2	0	447	9382	0	10000	12.5	4.5	-10.55
0	1	0	0	0	0	0	8	2	1	0	0	47	38	1	0	0	4	9	0	0	0	0	0	0	582	9307	0	10000	12.5	4.5	-11.45
0	0	0	0	0	0	0	4	3	0	0	0	29	28	0	0	0	9	10	0	0	0	1	0	0	754	9162	0	10000	12.5	4.5	-12.35
0	0	0	0	0	0	0	5	1	0	0	0	28	18	1	0	0	8	8	1	0	0	2	0	0	1087	8841	0	10000	12.5	4.5	-13.25
0	1	0	0	0	0	0	1	0	1	0	2	13	6	1	0	1	5	4	0	0	0	0	0	0	1347	8618	0	10000	12.5	4.5	-14.15
0	0	0	0	0	0	0	2	2	0	0	0	16	13	0	0	0	3	5	0	0	0	0	0	0	1794	8165	0	10000	12.5	4.5	-15.05
0	0	0	1	0	0	0	0	2	0	0	0	11	6	0	0	0	1	2	0	0	0	0	0	0	2491	7486	0	10000	12.5	4.5	-15.95
0	0	0	0	0	0	0	1	1	0	0	0	8	7	0	0	0	3	3	0	0	0	0	0	0	3219	6758	0	10000	12.5	4.5	-16.85
0	0	0	0	0	0	0	0	0	0	0	2	5	5	0	0	0	0	2	0	0	0	0	0	0	4291	5695	0	10000	12.5	4.5	-17.75
0	0	0	0	0	0	0	0	0	0	0	0	2	6	0	0	0	1	1	0	0	0	0	0	0	5760	4230	0	10000	12.5	4.5	-18.65
0	0	0	0	0	0	0	0	1	0	0	0	2	0	0	0	0	0	0	0	0	0	0	0	0	7296	2701	0	10000	12.5	4.5	-19.55
