50	
0	0	0	1	0	0	6	49	44	3	0	65	4650	1152	14	0	66	2886	894	11	0	3	39	40	2	11	64	0	10000	8	11.5	24.55
0	0	1	3	0	0	4	62	59	2	3	71	4655	1177	12	3	73	2806	900	13	0	4	35	45	6	6	60	0	10000	8	11.5	23.65
0	0	2	2	0	0	8	66	45	4	1	63	4617	1222	8	0	80	2842	865	19	0	4	37	31	1	7	76	0	10000	8	11.5	22.75
0	0	3	1	0	0	9	62	57	2	1	75	4582	1184	20	3	71	2805	955	14	0	5	36	23	1	15	76	0	10000	8	11.5	21.85
0	1	2	1	0	1	7	72	46	2	0	73	4648	1183	15	0	66	2789	923	14	0	3	34	35	1	11	73	0	10000	8	11.5	20.95
0	0	1	1	0	0	7	62	48	2	1	74	4639	1204	19	2	57	2842	864	14	0	3	28	38	2	9	83	0	10000	8	11.5	20.05
0	0	3	0	0	1	6	71	47	2	2	84	4618	1197	18	0	54	2825	891	13	0	4	33	34	2	13	82	0	10000	8	11.5	19.15
0	0	2	1	0	0	8	59	50	2	0	73	4616	1185	13	1	61	2811	920	20	0	3	41	36	0	5	93	0	10000	8	11.5	18.25
0	0	1	3	0	1	2	79	57	1	1	98	4633	1179	16	3	78	2751	917	21	0	5	34	30	2	5	83	0	10000	8	11.5	17.35
0	0	0	1	0	0	5	79	62	2	1	76	4486	1279	6	0	64	2846	907	17	0	4	34	28	4	9	90	0	10000	8	11.5	16.45
0	0	1	0	0	0	6	54	36	1	5	83	4610	1206	14	0	69	2803	901	21	0	5	37	40	2	13	93	0	10000	8	11.5	15.55
0	0	1	1	0	1	5	70	55	1	2	86	4569	1188	21	1	66	2784	948	17	0	4	38	30	0	10	102	0	10000	8	11.5	14.65
0	0	1	1	0	0	7	83	67	0	2	64	4363	1363	14	0	79	2776	926	11	0	6	35	47	1	11	143	0	10000	8	11.5	13.75
0	0	2	2	1	0	12	80	39	2	0	83	4479	1209	20	2	82	2760	1001	16	1	4	39	27	3	14	122	0	10000	8	11.5	12.85
0	0	2	2	0	1	10	74	54	2	1	89	4419	1264	14	2	96	2800	933	15	0	5	44	39	2	6	126	0	10000	8	11.5	11.95
0	0	3	3	1	0	13	68	46	2	1	101	4424	1267	16	1	85	2772	939	13	0	11	43	33	3	7	148	0	10000	8	11.5	11.05
0	0	4	1	0	0	14	63	57	4	0	98	4247	1265	22	1	95	2785	1060	21	0	4	41	31	2	9	176	0	10000	8	11.5	10.15
0	0	2	3	0	0	8	86	54	1	1	103	4167	1289	20	1	103	2797	1017	23	0	9	54	36	1	12	213	0	10000	8	11.5	9.25
0	0	4	0	0	2	12	88	58	5	0	98	4184	1296	15	0	84	2798	994	20	0	4	56	42	4	10	225	1	10000	8	11.5	8.35
0	0	2	2	0	0	9	87	67	1	2	103	4172	1288	22	1	93	2787	980	14	2	4	39	40	2	13	270	0	10000	8	11.5	7.45
0	0	0	2	0	0	13	96	52	2	3	111	4044	1302	21	3	104	2823	972	15	0	7	45	53	0	8	324	0	10000	8	11.5	6.55
0	0	2	2	0	1	6	93	72	2	2	105	4031	1373	21	1	88	2675	1009	21	1	1	48	42	3	8	393	0	10000	8	11.5	5.65
0	1	2	2	0	0	8	101	68	0	2	127	3925	1319	15	3	92	2709	996	11	0	13	62	30	6	8	500	0	10000	8	11.5	4.75
0	1	2	2	0	0	9	95	70	3	1	115	3731	1285	13	3	95	2569	970	18	2	5	62	26	2	14	907	0	10000	8	11.5	3.85
0	0	4	0	0	0	23	74	58	1	0	109	3358	1130	16	1	78	2395	884	9	0	5	44	37	0	16	1758	0	10000	8	11.5	2.95
0	1	1	0	0	2	8	72	53	3	0	99	2864	1014	21	2	88	2186	799	10	0	3	34	47	1	21	2671	0	10000	8	11.5	2.05
0	0	0	2	0	0	10	65	30	0	1	70	2451	842	10	1	59	1747	647	14	0	4	32	25	3	17	3970	0	10000	8	11.5	1.15
0	0	0	0	0	0	6	37	32	4	1	65	1869	662	10	1	53	1373	474	11	0	3	26	18	4	22	5329	0	10000	8	11.5	0.25
0	0	1	1	0	0	5	48	29	1	2	40	1400	495	8	0	33	1025	360	5	0	2	26	13	6	26	6474	0	10000	8	11.5	-0.65
0	0	1	1	0	0	2	32	15	1	1	25	1017	408	9	1	27	783	299	4	0	4	16	9	1	28	7316	0	10000	8	11.5	-1.55
0	0	2	1	0	0	2	25	14	0	0	39	739	291	4	0	26	600	192	5	0	2	11	11	1	39	7996	0	10000	8	11.5	-2.45
0	0	0	0	0	0	0	21	15	0	0	20	560	207	4	0	14	404	157	5	0	3	13	9	1	42	8525	0	10000	8	11.5	-3.35
0	0	0	0	0	0	2	16	7	1	0	16	422	166	2	0	9	327	123	3	0	4	10	8	0	57	8827	0	10000	8	11.5	-4.25
0	0	0	0	0	0	1	10	5	0	0	15	310	118	3	0	12	201	88	2	0	1	3	7	0	64	9160	0	10000	8	11.5	-5.15
0	0	1	0	0	0	1	7	8	0	0	9	259	82	2	0	9	172	81	2	0	1	5	6	0	103	9252	0	10000	8	11.5	-6.05
0	0	1	0	0	0	0	6	3	0	0	5	167	66	0	0	5	144	64	0	0	0	3	6	1	130	9399	0	10000	8	11.5	-6.95
0	0	0	0	0	0	0	3	2	0	0	8	136	53	0	0	5	104	57	0	0	0	4	0	0	193	9435	0	10000	8	11.5	-7.85
0	0	0	0	0	0	0	5	3	0	1	1	99	32	1	0	1	70	34	0	0	1	0	3	0	229	9520	0	10000	8	11.5	-8.75
0	0	0	0	0	0	0	1	1	1	0	4	61	29	1	0	4	53	32	0	0	0	4	3	0	348	9458	0	10000	8	11.5	-9.65
0	0	0	0	0	0	0	3	1	0	0	4	70	17	1	0	7	52	23	0	0	0	3	0	0	429	9390	0	10000	8	11.5	-10.55
0	0	0	0	0	0	1	2	2	0	0	1	39	25	1	0	0	34	17	1	0	0	1	2	0	584	9290	0	10000	8	11.5	-11.45
0	0	0	0	0	0	0	1	1	0	0	0	30	16	0	0	0	21	10	0	0	0	1	1	0	789	9130	0	10000	8	11.5	-12.35
0	0	0	0	0	0	0	0	1	0	0	1	22	12	0	0	1	14	11	0	0	0	1	1	0	1046	8890	0	10000	8	11.5	-13.25
0	0	0	0	0	0	0	2	0	0	0	2	25	12	0	0	2	15	7	0	0	0	0	0	0	1386	8549	0	10000	8	11.5	-14.15
0	0	0	0	0	0	1	1	0	0	0	1	10	5	0	0	0	10	6	0	0	0	1	0	0	1858	8107	0	10000	8	11.5	-15.05
0	0	1	0	0	0	0	0	0	0	0	0	11	8	0	0	0	7	2	0	0	1	0	0	0	2427	7543	0	10000	8	11.5	-15.95
0	0	0	0	0	0	0	0	1	0	0	0	7	6	0	0	1	5	5	0	0	0	0	0	0	3195	6780	0	10000	8	11.5	-16.85
0	0	0	0	0	0	0	0	0	0	0	0	3	3	0	0	1	4	1	0	0	0	1	0	0	4370	5617	0	10000	8	11.5	-17.75
0	0	0	0	0	0	0	0	0	0	0	0	5	3	0	0	0	2	1	0	0	0	1	0	0	5730	4258	0	10000	8	11.5	-18.65
0	0	0	0	0	0	0	0	0	0	0	0	2	2	0	0	0	0	0	0	0	0	0	0	0	7350	2646	0	10000	8	11.5	-19.55
