2048
3919
   0    3    0    2
   1    3    1    2
   2    3    2    2
   3    3    3    2
   4    3    4    2
   5    3    5    2
   6    3    6    2
   7    3    7    2
   8    3    8    2
   9    3    9    2
  10    3   10    2
  11    3   11    2
  12    3   12    2
  13    3   13    2
  14    3   14    2
  15    3   15    2
  16    3   16    2
  17    3   17    2
  18    3   18    2
  19    3   19    2
  20    3   20    2
  21    3   21    2
  22    3   22    2
  23    3   23    2
  24    3   24    2
  25    3   25    2
  26    3   26    2
  27    3   27    2
  28    3   28    2
  29    3   29    2
  30    3   30    2
  31    3   31    2
  32    3   32    2
  33    3   33    2
  34    3   34    2
  35    3   35    2
  36    3   36    2
  37    3   37    2
  38    3   38    2
  39    3   39    2
  40    3   40    2
  41    3   41    2
  42    3   42    2
  43    3   43    2
  44    3   44    2
  45    3   45    2
  46    3   46    2
  47    3   47    2
  48    3   48    2
  49    3   49    2
  50    3   50    2
  51    3   51    2
  52    3   52    2
  53    3   53    2
  54    3   54    2
  55    3   55    2
  56    3   56    2
  57    3   57    2
  58    3   58    2
  59    3   59    2
  60    3   60    2
  61    3   61    2
  62    3   62    2
  63    3   63    2
  64    3   64    2
  65    3   65    2
  66    3   66    2
  67    3   67    2
  68    3   68    2
  69    3   69    2
  70    3   70    2
  71    3   71    2
  72    3   72    2
  73    3   73    2
  74    3   74    2
  75    3   75    2
  76    3   76    2
  77    3   77    2
  78    3   78    2
  79    3   79    2
  80    3   80    2
  81    3   81    2
  82    3   82    2
  83    3   83    2
  84    3   84    2
  85    3   85    2
  86    3   86    2
  87    3   87    2
  88    3   88    2
  89    3   89    2
  90    3   90    2
  91    3   91    2
  92    3   92    2
  93    3   93    2
  94    3   94    2
  95    3   95    2
  96    3   96    2
  97    3   97    2
  98    3   98    2
  99    3   99    2
 100    3  100    2
 101    3  101    2
 102    3  102    2
 103    3  103    2
 104    3  104    2
 105    3  105    2
 106    3  106    2
 107    3  107    2
 108    3  108    2
 109    3  109    2
 110    3  110    2
 111    3  111    2
 112    3  112    2
 113    3  113    2
 114    3  114    2
 115    3  115    2
 116    3  116    2
 117    3  117    2
 118    3  118    2
 119    3  119    2
 120    3  120    2
 121    3  121    2
 122    3  122    2
 123    3  123    2
 124    3  124    2
 125    3  125    2
 126    3  126    2
 127    3  127    2
2048    3 2048    2
2049    3 2049    2
2050    3 2050    2
2051    3 2051    2
2052    3 2052    2
2053    3 2053    2
2054    3 2054    2
2055    3 2055    2
2056    3 2056    2
2057    3 2057    2
2058    3 2058    2
2059    3 2059    2
2060    3 2060    2
2061    3 2061    2
2062    3 2062    2
2063    3 2063    2
2064    3 2064    2
2065    3 2065    2
2066    3 2066    2
2067    3 2067    2
2068    3 2068    2
2069    3 2069    2
2070    3 2070    2
2071    3 2071    2
2072    3 2072    2
2073    3 2073    2
2074    3 2074    2
2075    3 2075    2
2076    3 2076    2
2077    3 2077    2
2078    3 2078    2
2079    3 2079    2
2080    3 2080    2
2081    3 2081    2
2082    3 2082    2
2083    3 2083    2
2084    3 2084    2
2085    3 2085    2
2086    3 2086    2
2087    3 2087    2
2088    3 2088    2
2089    3 2089    2
2090    3 2090    2
2091    3 2091    2
2092    3 2092    2
2093    3 2093    2
2094    3 2094    2
2095    3 2095    2
2096    3 2096    2
2097    3 2097    2
2098    3 2098    2
2099    3 2099    2
2100    3 2100    2
2101    3 2101    2
2102    3 2102    2
2103    3 2103    2
2104    3 2104    2
2105    3 2105    2
2106    3 2106    2
2107    3 2107    2
2108    3 2108    2
2109    3 2109    2
2110    3 2110    2
2111    3 2111    2
2112    3 2112    2
2113    3 2113    2
2114    3 2114    2
2115    3 2115    2
2116    3 2116    2
2117    3 2117    2
2118    3 2118    2
2119    3 2119    2
2120    3 2120    2
2121    3 2121    2
2122    3 2122    2
2123    3 2123    2
2124    3 2124    2
2125    3 2125    2
2126    3 2126    2
2127    3 2127    2
2128    3 2128    2
2129    3 2129    2
2130    3 2130    2
2131    3 2131    2
2132    3 2132    2
2133    3 2133    2
2134    3 2134    2
2135    3 2135    2
2136    3 2136    2
2137    3 2137    2
2138    3 2138    2
2139    3 2139    2
2140    3 2140    2
2141    3 2141    2
2142    3 2142    2
2143    3 2143    2
2144    3 2144    2
2145    3 2145    2
2146    3 2146    2
2147    3 2147    2
2148    3 2148    2
2149    3 2149    2
2150    3 2150    2
2151    3 2151    2
2152    3 2152    2
2153    3 2153    2
2154    3 2154    2
2155    3 2155    2
2156    3 2156    2
2157    3 2157    2
2158    3 2158    2
2159    3 2159    2
2160    3 2160    2
2161    3 2161    2
2162    3 2162    2
2163    3 2163    2
2164    3 2164    2
2165    3 2165    2
2166    3 2166    2
2167    3 2167    2
2168    3 2168    2
2169    3 2169    2
2170    3 2170    2
2171    3 2171    2
2172    3 2172    2
2173    3 2173    2
2174    3 2174    2
2175    3 2175    2
 128   59   28    0
 129   59   28    1
 130   59   29    0
 131   59   29    1
 132   58   28    0
 133   58   28    1
 134   58   29    0
 135   58   29    1
 136   56   29    1
 137   56   29    0
 138   56   28    1
 139   56   28    0
 140   57   29    1
 141   57   29    0
 142   57   28    1
 143   57   28    0
 160   51   28    0
 161   51   28    1
 162   51   29    0
 163   51   29    1
 164   50   28    0
 165   50   28    1
 166   50   29    0
 167   50   29    1
 168   48   29    1
 169   48   29    0
 170   48   28    1
 171   48   28    0
 172   49   29    1
 173   49   29    0
 174   49   28    1
 175   49   28    0
 176   52   28    0
 177   52   28    1
 178   52   29    0
 179   52   29    1
 180   53   28    0
 181   53   28    1
 182   53   29    0
 183   53   29    1
 184   55   29    1
 185   55   29    0
 186   55   28    1
 187   55   28    0
 188   54   29    1
 189   54   29    0
 190   54   28    1
 191   54   28    0
 192   60   28    0
 193   60   28    1
 194   60   29    0
 195   60   29    1
 196   61   28    0
 197   61   28    1
 198   61   29    0
 199   61   29    1
 200   63   29    1
 201   63   29    0
 202   63   28    1
 203   63   28    0
 204   62   29    1
 205   62   29    0
 206   62   28    1
 207   62   28    0
 256   59   30    0
 257   59   30    1
 258   59   31    0
 259   59   31    1
 260   58   30    0
 261   58   30    1
 262   58   31    0
 263   58   31    1
 264   56   31    1
 265   56   31    0
 266   56   30    1
 267   56   30    0
 268   57   31    1
 269   57   31    0
 270   57   30    1
 271   57   30    0
 288   51   30    0
 289   51   30    1
 290   51   31    0
 291   51   31    1
 292   50   30    0
 293   50   30    1
 294   50   31    0
 295   50   31    1
 296   48   31    1
 297   48   31    0
 298   48   30    1
 299   48   30    0
 300   49   31    1
 301   49   31    0
 302   49   30    1
 303   49   30    0
 304   52   30    0
 305   52   30    1
 306   52   31    0
 307   52   31    1
 308   53   30    0
 309   53   30    1
 310   53   31    0
 311   53   31    1
 312   55   31    1
 313   55   31    0
 314   55   30    1
 315   55   30    0
 316   54   31    1
 317   54   31    0
 318   54   30    1
 319   54   30    0
 320   60   30    0
 321   60   30    1
 322   60   31    0
 323   60   31    1
 324   61   30    0
 325   61   30    1
 326   61   31    0
 327   61   31    1
 328   63   31    1
 329   63   31    0
 330   63   30    1
 331   63   30    0
 332   62   31    1
 333   62   31    0
 334   62   30    1
 335   62   30    0
 384   59   32    0
 385   59   32    1
 386   59   33    0
 387   59   33    1
 388   58   32    0
 389   58   32    1
 390   58   33    0
 391   58   33    1
 392   56   33    1
 393   56   33    0
 394   56   32    1
 395   56   32    0
 396   57   33    1
 397   57   33    0
 398   57   32    1
 399   57   32    0
 416   51   32    0
 417   51   32    1
 418   51   33    0
 419   51   33    1
 420   50   32    0
 421   50   32    1
 422   50   33    0
 423   50   33    1
 424   48   33    1
 425   48   33    0
 426   48   32    1
 427   48   32    0
 428   49   33    1
 429   49   33    0
 430   49   32    1
 431   49   32    0
 432   52   32    0
 433   52   32    1
 434   52   33    0
 435   52   33    1
 436   53   32    0
 437   53   32    1
 438   53   33    0
 439   53   33    1
 440   55   33    1
 441   55   33    0
 442   55   32    1
 443   55   32    0
 444   54   33    1
 445   54   33    0
 446   54   32    1
 447   54   32    0
 448   60   32    0
 449   60   32    1
 450   60   33    0
 451   60   33    1
 452   61   32    0
 453   61   32    1
 454   61   33    0
 455   61   33    1
 456   63   33    1
 457   63   33    0
 458   63   32    1
 459   63   32    0
 460   62   33    1
 461   62   33    0
 462   62   32    1
 463   62   32    0
 512   59   34    0
 513   59   34    1
 514   59   35    0
 515   59   35    1
 516   58   34    0
 517   58   34    1
 518   58   35    0
 519   58   35    1
 520   56   35    1
 521   56   35    0
 522   56   34    1
 523   56   34    0
 524   57   35    1
 525   57   35    0
 526   57   34    1
 527   57   34    0
 544   51   34    0
 545   51   34    1
 546   51   35    0
 547   51   35    1
 548   50   34    0
 549   50   34    1
 550   50   35    0
 551   50   35    1
 552   48   35    1
 553   48   35    0
 554   48   34    1
 555   48   34    0
 556   49   35    1
 557   49   35    0
 558   49   34    1
 559   49   34    0
 560   52   34    0
 561   52   34    1
 562   52   35    0
 563   52   35    1
 564   53   34    0
 565   53   34    1
 566   53   35    0
 567   53   35    1
 568   55   35    1
 569   55   35    0
 570   55   34    1
 571   55   34    0
 572   54   35    1
 573   54   35    0
 574   54   34    1
 575   54   34    0
 576   60   34    0
 577   60   34    1
 578   60   35    0
 579   60   35    1
 580   61   34    0
 581   61   34    1
 582   61   35    0
 583   61   35    1
 584   63   35    1
 585   63   35    0
 586   63   34    1
 587   63   34    0
 588   62   35    1
 589   62   35    0
 590   62   34    1
 591   62   34    0
 640   59   36    0
 641   59   36    1
 642   59   37    0
 643   59   37    1
 644   58   36    0
 645   58   36    1
 646   58   37    0
 647   58   37    1
 648   56   37    1
 649   56   37    0
 650   56   36    1
 651   56   36    0
 652   57   37    1
 653   57   37    0
 654   57   36    1
 655   57   36    0
 672   51   36    0
 673   51   36    1
 674   51   37    0
 675   51   37    1
 676   50   36    0
 677   50   36    1
 678   50   37    0
 679   50   37    1
 680   48   37    1
 681   48   37    0
 682   48   36    1
 683   48   36    0
 684   49   37    1
 685   49   37    0
 686   49   36    1
 687   49   36    0
 688   52   36    0
 689   52   36    1
 690   52   37    0
 691   52   37    1
 692   53   36    0
 693   53   36    1
 694   53   37    0
 695   53   37    1
 696   55   37    1
 697   55   37    0
 698   55   36    1
 699   55   36    0
 700   54   37    1
 701   54   37    0
 702   54   36    1
 703   54   36    0
 704   60   36    0
 705   60   36    1
 706   60   37    0
 707   60   37    1
 708   61   36    0
 709   61   36    1
 710   61   37    0
 711   61   37    1
 712   63   37    1
 713   63   37    0
 714   63   36    1
 715   63   36    0
 716   62   37    1
 717   62   37    0
 718   62   36    1
 719   62   36    0
 768   59   38    0
 769   59   38    1
 770   59   39    0
 771   59   39    1
 772   58   38    0
 773   58   38    1
 774   58   39    0
 775   58   39    1
 776   56   39    1
 777   56   39    0
 778   56   38    1
 779   56   38    0
 780   57   39    1
 781   57   39    0
 782   57   38    1
 783   57   38    0
 800   51   38    0
 801   51   38    1
 802   51   39    0
 803   51   39    1
 804   50   38    0
 805   50   38    1
 806   50   39    0
 807   50   39    1
 808   48   39    1
 809   48   39    0
 810   48   38    1
 811   48   38    0
 812   49   39    1
 813   49   39    0
 814   49   38    1
 815   49   38    0
 816   52   38    0
 817   52   38    1
 818   52   39    0
 819   52   39    1
 820   53   38    0
 821   53   38    1
 822   53   39    0
 823   53   39    1
 824   55   39    1
 825   55   39    0
 826   55   38    1
 827   55   38    0
 828   54   39    1
 829   54   39    0
 830   54   38    1
 831   54   38    0
 832   60   38    0
 833   60   38    1
 834   60   39    0
 835   60   39    1
 836   61   38    0
 837   61   38    1
 838   61   39    0
 839   61   39    1
 840   63   39    1
 841   63   39    0
 842   63   38    1
 843   63   38    0
 844   62   39    1
 845   62   39    0
 846   62   38    1
 847   62   38    0
 896   59   40    0
 897   59   40    1
 898   59   41    0
 899   59   41    1
 900   58   40    0
 901   58   40    1
 902   58   41    0
 903   58   41    1
 904   56   41    1
 905   56   41    0
 906   56   40    1
 907   56   40    0
 908   57   41    1
 909   57   41    0
 910   57   40    1
 911   57   40    0
 928   51   40    0
 929   51   40    1
 930   51   41    0
 931   51   41    1
 932   50   40    0
 933   50   40    1
 934   50   41    0
 935   50   41    1
 936   48   41    1
 937   48   41    0
 938   48   40    1
 939   48   40    0
 940   49   41    1
 941   49   41    0
 942   49   40    1
 943   49   40    0
 944   52   40    0
 945   52   40    1
 946   52   41    0
 947   52   41    1
 948   53   40    0
 949   53   40    1
 950   53   41    0
 951   53   41    1
 952   55   41    1
 953   55   41    0
 954   55   40    1
 955   55   40    0
 956   54   41    1
 957   54   41    0
 958   54   40    1
 959   54   40    0
 960   60   40    0
 961   60   40    1
 962   60   41    0
 963   60   41    1
 964   61   40    0
 965   61   40    1
 966   61   41    0
 967   61   41    1
 968   63   41    1
 969   63   41    0
 970   63   40    1
 971   63   40    0
 972   62   41    1
 973   62   41    0
 974   62   40    1
 975   62   40    0
1024   59   42    0
1025   59   42    1
1026   59   43    0
1027   59   43    1
1028   58   42    0
1029   58   42    1
1030   58   43    0
1031   58   43    1
1032   56   43    1
1033   56   43    0
1034   56   42    1
1035   56   42    0
1036   57   43    1
1037   57   43    0
1038   57   42    1
1039   57   42    0
1056   51   42    0
1057   51   42    1
1058   51   43    0
1059   51   43    1
1060   50   42    0
1061   50   42    1
1062   50   43    0
1063   50   43    1
1064   48   43    1
1065   48   43    0
1066   48   42    1
1067   48   42    0
1068   49   43    1
1069   49   43    0
1070   49   42    1
1071   49   42    0
1072   52   42    0
1073   52   42    1
1074   52   43    0
1075   52   43    1
1076   53   42    0
1077   53   42    1
1078   53   43    0
1079   53   43    1
1080   55   43    1
1081   55   43    0
1082   55   42    1
1083   55   42    0
1084   54   43    1
1085   54   43    0
1086   54   42    1
1087   54   42    0
1088   60   42    0
1089   60   42    1
1090   60   43    0
1091   60   43    1
1092   61   42    0
1093   61   42    1
1094   61   43    0
1095   61   43    1
1096   63   43    1
1097   63   43    0
1098   63   42    1
1099   63   42    0
1100   62   43    1
1101   62   43    0
1102   62   42    1
1103   62   42    0
1152   59   44    0
1153   59   44    1
1154   59   45    0
1155   59   45    1
1156   58   44    0
1157   58   44    1
1158   58   45    0
1159   58   45    1
1160   56   45    1
1161   56   45    0
1162   56   44    1
1163   56   44    0
1164   57   45    1
1165   57   45    0
1166   57   44    1
1167   57   44    0
1184   51   44    0
1185   51   44    1
1186   51   45    0
1187   51   45    1
1188   50   44    0
1189   50   44    1
1190   50   45    0
1191   50   45    1
1192   48   45    1
1193   48   45    0
1194   48   44    1
1195   48   44    0
1196   49   45    1
1197   49   45    0
1198   49   44    1
1199   49   44    0
1200   52   44    0
1201   52   44    1
1202   52   45    0
1203   52   45    1
1204   53   44    0
1205   53   44    1
1206   53   45    0
1207   53   45    1
1208   55   45    1
1209   55   45    0
1210   55   44    1
1211   55   44    0
1212   54   45    1
1213   54   45    0
1214   54   44    1
1215   54   44    0
1216   60   44    0
1217   60   44    1
1218   60   45    0
1219   60   45    1
1220   61   44    0
1221   61   44    1
1222   61   45    0
1223   61   45    1
1224   63   45    1
1225   63   45    0
1226   63   44    1
1227   63   44    0
1228   62   45    1
1229   62   45    0
1230   62   44    1
1231   62   44    0
1280   59   46    0
1281   59   46    1
1282   59   47    0
1283   59   47    1
1284   58   46    0
1285   58   46    1
1286   58   47    0
1287   58   47    1
1288   56   47    1
1289   56   47    0
1290   56   46    1
1291   56   46    0
1292   57   47    1
1293   57   47    0
1294   57   46    1
1295   57   46    0
1312   51   46    0
1313   51   46    1
1314   51   47    0
1315   51   47    1
1316   50   46    0
1317   50   46    1
1318   50   47    0
1319   50   47    1
1320   48   47    1
1321   48   47    0
1322   48   46    1
1323   48   46    0
1324   49   47    1
1325   49   47    0
1326   49   46    1
1327   49   46    0
1328   52   46    0
1329   52   46    1
1330   52   47    0
1331   52   47    1
1332   53   46    0
1333   53   46    1
1334   53   47    0
1335   53   47    1
1336   55   47    1
1337   55   47    0
1338   55   46    1
1339   55   46    0
1340   54   47    1
1341   54   47    0
1342   54   46    1
1343   54   46    0
1344   60   46    0
1345   60   46    1
1346   60   47    0
1347   60   47    1
1348   61   46    0
1349   61   46    1
1350   61   47    0
1351   61   47    1
1352   63   47    1
1353   63   47    0
1354   63   46    1
1355   63   46    0
1356   62   47    1
1357   62   47    0
1358   62   46    1
1359   62   46    0
1408   59   48    0
1409   59   48    1
1410   59   49    0
1411   59   49    1
1412   58   48    0
1413   58   48    1
1414   58   49    0
1415   58   49    1
1416   56   49    1
1417   56   49    0
1418   56   48    1
1419   56   48    0
1420   57   49    1
1421   57   49    0
1422   57   48    1
1423   57   48    0
1440   51   48    0
1441   51   48    1
1442   51   49    0
1443   51   49    1
1444   50   48    0
1445   50   48    1
1446   50   49    0
1447   50   49    1
1448   48   49    1
1449   48   49    0
1450   48   48    1
1451   48   48    0
1452   49   49    1
1453   49   49    0
1454   49   48    1
1455   49   48    0
1456   52   48    0
1457   52   48    1
1458   52   49    0
1459   52   49    1
1460   53   48    0
1461   53   48    1
1462   53   49    0
1463   53   49    1
1464   55   49    1
1465   55   49    0
1466   55   48    1
1467   55   48    0
1468   54   49    1
1469   54   49    0
1470   54   48    1
1471   54   48    0
1472   60   48    0
1473   60   48    1
1474   60   49    0
1475   60   49    1
1476   61   48    0
1477   61   48    1
1478   61   49    0
1479   61   49    1
1480   63   49    1
1481   63   49    0
1482   63   48    1
1483   63   48    0
1484   62   49    1
1485   62   49    0
1486   62   48    1
1487   62   48    0
1536   59   50    0
1537   59   50    1
1538   59   51    0
1539   59   51    1
1540   58   50    0
1541   58   50    1
1542   58   51    0
1543   58   51    1
1544   56   51    1
1545   56   51    0
1546   56   50    1
1547   56   50    0
1548   57   51    1
1549   57   51    0
1550   57   50    1
1551   57   50    0
1568   51   50    0
1569   51   50    1
1570   51   51    0
1571   51   51    1
1572   50   50    0
1573   50   50    1
1574   50   51    0
1575   50   51    1
1576   48   51    1
1577   48   51    0
1578   48   50    1
1579   48   50    0
1580   49   51    1
1581   49   51    0
1582   49   50    1
1583   49   50    0
1584   52   50    0
1585   52   50    1
1586   52   51    0
1587   52   51    1
1588   53   50    0
1589   53   50    1
1590   53   51    0
1591   53   51    1
1592   55   51    1
1593   55   51    0
1594   55   50    1
1595   55   50    0
1596   54   51    1
1597   54   51    0
1598   54   50    1
1599   54   50    0
1600   60   50    0
1601   60   50    1
1602   60   51    0
1603   60   51    1
1604   61   50    0
1605   61   50    1
1606   61   51    0
1607   61   51    1
1608   63   51    1
1609   63   51    0
1610   63   50    1
1611   63   50    0
1612   62   51    1
1613   62   51    0
1614   62   50    1
1615   62   50    0
1664   59   52    0
1665   59   52    1
1666   59   53    0
1667   59   53    1
1668   58   52    0
1669   58   52    1
1670   58   53    0
1671   58   53    1
1672   56   53    1
1673   56   53    0
1674   56   52    1
1675   56   52    0
1676   57   53    1
1677   57   53    0
1678   57   52    1
1679   57   52    0
1696   51   52    0
1697   51   52    1
1698   51   53    0
1699   51   53    1
1700   50   52    0
1701   50   52    1
1702   50   53    0
1703   50   53    1
1704   48   53    1
1705   48   53    0
1706   48   52    1
1707   48   52    0
1708   49   53    1
1709   49   53    0
1710   49   52    1
1711   49   52    0
1712   52   52    0
1713   52   52    1
1714   52   53    0
1715   52   53    1
1716   53   52    0
1717   53   52    1
1718   53   53    0
1719   53   53    1
1720   55   53    1
1721   55   53    0
1722   55   52    1
1723   55   52    0
1724   54   53    1
1725   54   53    0
1726   54   52    1
1727   54   52    0
1728   60   52    0
1729   60   52    1
1730   60   53    0
1731   60   53    1
1732   61   52    0
1733   61   52    1
1734   61   53    0
1735   61   53    1
1736   63   53    1
1737   63   53    0
1738   63   52    1
1739   63   52    0
1740   62   53    1
1741   62   53    0
1742   62   52    1
1743   62   52    0
1792   59   54    0
1793   59   54    1
1794   59   55    0
1795   59   55    1
1796   58   54    0
1797   58   54    1
1798   58   55    0
1799   58   55    1
1800   56   55    1
1801   56   55    0
1802   56   54    1
1803   56   54    0
1804   57   55    1
1805   57   55    0
1806   57   54    1
1807   57   54    0
1824   51   54    0
1825   51   54    1
1826   51   55    0
1827   51   55    1
1828   50   54    0
1829   50   54    1
1830   50   55    0
1831   50   55    1
1832   48   55    1
1833   48   55    0
1834   48   54    1
1835   48   54    0
1836   49   55    1
1837   49   55    0
1838   49   54    1
1839   49   54    0
1840   52   54    0
1841   52   54    1
1842   52   55    0
1843   52   55    1
1844   53   54    0
1845   53   54    1
1846   53   55    0
1847   53   55    1
1848   55   55    1
1849   55   55    0
1850   55   54    1
1851   55   54    0
1852   54   55    1
1853   54   55    0
1854   54   54    1
1855   54   54    0
1856   60   54    0
1857   60   54    1
1858   60   55    0
1859   60   55    1
1860   61   54    0
1861   61   54    1
1862   61   55    0
1863   61   55    1
1864   63   55    1
1865   63   55    0
1866   63   54    1
1867   63   54    0
1868   62   55    1
1869   62   55    0
1870   62   54    1
1871   62   54    0
2176   59   26    0
2177   59   26    1
2178   59   27    0
2179   59   27    1
2180   58   26    0
2181   58   26    1
2182   58   27    0
2183   58   27    1
2184   56   27    1
2185   56   27    0
2186   56   26    1
2187   56   26    0
2188   57   27    1
2189   57   27    0
2190   57   26    1
2191   57   26    0
2208   51   26    0
2209   51   26    1
2210   51   27    0
2211   51   27    1
2212   50   26    0
2213   50   26    1
2214   50   27    0
2215   50   27    1
2216   48   27    1
2217   48   27    0
2218   48   26    1
2219   48   26    0
2220   49   27    1
2221   49   27    0
2222   49   26    1
2223   49   26    0
2224   52   26    0
2225   52   26    1
2226   52   27    0
2227   52   27    1
2228   53   26    0
2229   53   26    1
2230   53   27    0
2231   53   27    1
2232   55   27    1
2233   55   27    0
2234   55   26    1
2235   55   26    0
2236   54   27    1
2237   54   27    0
2238   54   26    1
2239   54   26    0
2240   60   26    0
2241   60   26    1
2242   60   27    0
2243   60   27    1
2244   61   26    0
2245   61   26    1
2246   61   27    0
2247   61   27    1
2248   63   27    1
2249   63   27    0
2250   63   26    1
2251   63   26    0
2252   62   27    1
2253   62   27    0
2254   62   26    1
2255   62   26    0
2304   59   24    0
2305   59   24    1
2306   59   25    0
2307   59   25    1
2308   58   24    0
2309   58   24    1
2310   58   25    0
2311   58   25    1
2312   56   25    1
2313   56   25    0
2314   56   24    1
2315   56   24    0
2316   57   25    1
2317   57   25    0
2318   57   24    1
2319   57   24    0
2336   51   24    0
2337   51   24    1
2338   51   25    0
2339   51   25    1
2340   50   24    0
2341   50   24    1
2342   50   25    0
2343   50   25    1
2344   48   25    1
2345   48   25    0
2346   48   24    1
2347   48   24    0
2348   49   25    1
2349   49   25    0
2350   49   24    1
2351   49   24    0
2352   52   24    0
2353   52   24    1
2354   52   25    0
2355   52   25    1
2356   53   24    0
2357   53   24    1
2358   53   25    0
2359   53   25    1
2360   55   25    1
2361   55   25    0
2362   55   24    1
2363   55   24    0
2364   54   25    1
2365   54   25    0
2366   54   24    1
2367   54   24    0
2368   60   24    0
2369   60   24    1
2370   60   25    0
2371   60   25    1
2372   61   24    0
2373   61   24    1
2374   61   25    0
2375   61   25    1
2376   63   25    1
2377   63   25    0
2378   63   24    1
2379   63   24    0
2380   62   25    1
2381   62   25    0
2382   62   24    1
2383   62   24    0
2432   59   22    0
2433   59   22    1
2434   59   23    0
2435   59   23    1
2436   58   22    0
2437   58   22    1
2438   58   23    0
2439   58   23    1
2440   56   23    1
2441   56   23    0
2442   56   22    1
2443   56   22    0
2444   57   23    1
2445   57   23    0
2446   57   22    1
2447   57   22    0
2464   51   22    0
2465   51   22    1
2466   51   23    0
2467   51   23    1
2468   50   22    0
2469   50   22    1
2470   50   23    0
2471   50   23    1
2472   48   23    1
2473   48   23    0
2474   48   22    1
2475   48   22    0
2476   49   23    1
2477   49   23    0
2478   49   22    1
2479   49   22    0
2480   52   22    0
2481   52   22    1
2482   52   23    0
2483   52   23    1
2484   53   22    0
2485   53   22    1
2486   53   23    0
2487   53   23    1
2488   55   23    1
2489   55   23    0
2490   55   22    1
2491   55   22    0
2492   54   23    1
2493   54   23    0
2494   54   22    1
2495   54   22    0
2496   60   22    0
2497   60   22    1
2498   60   23    0
2499   60   23    1
2500   61   22    0
2501   61   22    1
2502   61   23    0
2503   61   23    1
2504   63   23    1
2505   63   23    0
2506   63   22    1
2507   63   22    0
2508   62   23    1
2509   62   23    0
2510   62   22    1
2511   62   22    0
2560   59   20    0
2561   59   20    1
2562   59   21    0
2563   59   21    1
2564   58   20    0
2565   58   20    1
2566   58   21    0
2567   58   21    1
2568   56   21    1
2569   56   21    0
2570   56   20    1
2571   56   20    0
2572   57   21    1
2573   57   21    0
2574   57   20    1
2575   57   20    0
2592   51   20    0
2593   51   20    1
2594   51   21    0
2595   51   21    1
2596   50   20    0
2597   50   20    1
2598   50   21    0
2599   50   21    1
2600   48   21    1
2601   48   21    0
2602   48   20    1
2603   48   20    0
2604   49   21    1
2605   49   21    0
2606   49   20    1
2607   49   20    0
2608   52   20    0
2609   52   20    1
2610   52   21    0
2611   52   21    1
2612   53   20    0
2613   53   20    1
2614   53   21    0
2615   53   21    1
2616   55   21    1
2617   55   21    0
2618   55   20    1
2619   55   20    0
2620   54   21    1
2621   54   21    0
2622   54   20    1
2623   54   20    0
2624   60   20    0
2625   60   20    1
2626   60   21    0
2627   60   21    1
2628   61   20    0
2629   61   20    1
2630   61   21    0
2631   61   21    1
2632   63   21    1
2633   63   21    0
2634   63   20    1
2635   63   20    0
2636   62   21    1
2637   62   21    0
2638   62   20    1
2639   62   20    0
2688   59   18    0
2689   59   18    1
2690   59   19    0
2691   59   19    1
2692   58   18    0
2693   58   18    1
2694   58   19    0
2695   58   19    1
2696   56   19    1
2697   56   19    0
2698   56   18    1
2699   56   18    0
2700   57   19    1
2701   57   19    0
2702   57   18    1
2703   57   18    0
2720   51   18    0
2721   51   18    1
2722   51   19    0
2723   51   19    1
2724   50   18    0
2725   50   18    1
2726   50   19    0
2727   50   19    1
2728   48   19    1
2729   48   19    0
2730   48   18    1
2731   48   18    0
2732   49   19    1
2733   49   19    0
2734   49   18    1
2735   49   18    0
2736   52   18    0
2737   52   18    1
2738   52   19    0
2739   52   19    1
2740   53   18    0
2741   53   18    1
2742   53   19    0
2743   53   19    1
2744   55   19    1
2745   55   19    0
2746   55   18    1
2747   55   18    0
2748   54   19    1
2749   54   19    0
2750   54   18    1
2751   54   18    0
2752   60   18    0
2753   60   18    1
2754   60   19    0
2755   60   19    1
2756   61   18    0
2757   61   18    1
2758   61   19    0
2759   61   19    1
2760   63   19    1
2761   63   19    0
2762   63   18    1
2763   63   18    0
2764   62   19    1
2765   62   19    0
2766   62   18    1
2767   62   18    0
2816   59   16    0
2817   59   16    1
2818   59   17    0
2819   59   17    1
2820   58   16    0
2821   58   16    1
2822   58   17    0
2823   58   17    1
2824   56   17    1
2825   56   17    0
2826   56   16    1
2827   56   16    0
2828   57   17    1
2829   57   17    0
2830   57   16    1
2831   57   16    0
2848   51   16    0
2849   51   16    1
2850   51   17    0
2851   51   17    1
2852   50   16    0
2853   50   16    1
2854   50   17    0
2855   50   17    1
2856   48   17    1
2857   48   17    0
2858   48   16    1
2859   48   16    0
2860   49   17    1
2861   49   17    0
2862   49   16    1
2863   49   16    0
2864   52   16    0
2865   52   16    1
2866   52   17    0
2867   52   17    1
2868   53   16    0
2869   53   16    1
2870   53   17    0
2871   53   17    1
2872   55   17    1
2873   55   17    0
2874   55   16    1
2875   55   16    0
2876   54   17    1
2877   54   17    0
2878   54   16    1
2879   54   16    0
2880   60   16    0
2881   60   16    1
2882   60   17    0
2883   60   17    1
2884   61   16    0
2885   61   16    1
2886   61   17    0
2887   61   17    1
2888   63   17    1
2889   63   17    0
2890   63   16    1
2891   63   16    0
2892   62   17    1
2893   62   17    0
2894   62   16    1
2895   62   16    0
2944   59   14    0
2945   59   14    1
2946   59   15    0
2947   59   15    1
2948   58   14    0
2949   58   14    1
2950   58   15    0
2951   58   15    1
2952   56   15    1
2953   56   15    0
2954   56   14    1
2955   56   14    0
2956   57   15    1
2957   57   15    0
2958   57   14    1
2959   57   14    0
2976   51   14    0
2977   51   14    1
2978   51   15    0
2979   51   15    1
2980   50   14    0
2981   50   14    1
2982   50   15    0
2983   50   15    1
2984   48   15    1
2985   48   15    0
2986   48   14    1
2987   48   14    0
2988   49   15    1
2989   49   15    0
2990   49   14    1
2991   49   14    0
2992   52   14    0
2993   52   14    1
2994   52   15    0
2995   52   15    1
2996   53   14    0
2997   53   14    1
2998   53   15    0
2999   53   15    1
3000   55   15    1
3001   55   15    0
3002   55   14    1
3003   55   14    0
3004   54   15    1
3005   54   15    0
3006   54   14    1
3007   54   14    0
3008   60   14    0
3009   60   14    1
3010   60   15    0
3011   60   15    1
3012   61   14    0
3013   61   14    1
3014   61   15    0
3015   61   15    1
3016   63   15    1
3017   63   15    0
3018   63   14    1
3019   63   14    0
3020   62   15    1
3021   62   15    0
3022   62   14    1
3023   62   14    0
3072   59   12    0
3073   59   12    1
3074   59   13    0
3075   59   13    1
3076   58   12    0
3077   58   12    1
3078   58   13    0
3079   58   13    1
3080   56   13    1
3081   56   13    0
3082   56   12    1
3083   56   12    0
3084   57   13    1
3085   57   13    0
3086   57   12    1
3087   57   12    0
3104   51   12    0
3105   51   12    1
3106   51   13    0
3107   51   13    1
3108   50   12    0
3109   50   12    1
3110   50   13    0
3111   50   13    1
3112   48   13    1
3113   48   13    0
3114   48   12    1
3115   48   12    0
3116   49   13    1
3117   49   13    0
3118   49   12    1
3119   49   12    0
3120   52   12    0
3121   52   12    1
3122   52   13    0
3123   52   13    1
3124   53   12    0
3125   53   12    1
3126   53   13    0
3127   53   13    1
3128   55   13    1
3129   55   13    0
3130   55   12    1
3131   55   12    0
3132   54   13    1
3133   54   13    0
3134   54   12    1
3135   54   12    0
3136   60   12    0
3137   60   12    1
3138   60   13    0
3139   60   13    1
3140   61   12    0
3141   61   12    1
3142   61   13    0
3143   61   13    1
3144   63   13    1
3145   63   13    0
3146   63   12    1
3147   63   12    0
3148   62   13    1
3149   62   13    0
3150   62   12    1
3151   62   12    0
3200   59   10    0
3201   59   10    1
3202   59   11    0
3203   59   11    1
3204   58   10    0
3205   58   10    1
3206   58   11    0
3207   58   11    1
3208   56   11    1
3209   56   11    0
3210   56   10    1
3211   56   10    0
3212   57   11    1
3213   57   11    0
3214   57   10    1
3215   57   10    0
3232   51   10    0
3233   51   10    1
3234   51   11    0
3235   51   11    1
3236   50   10    0
3237   50   10    1
3238   50   11    0
3239   50   11    1
3240   48   11    1
3241   48   11    0
3242   48   10    1
3243   48   10    0
3244   49   11    1
3245   49   11    0
3246   49   10    1
3247   49   10    0
3248   52   10    0
3249   52   10    1
3250   52   11    0
3251   52   11    1
3252   53   10    0
3253   53   10    1
3254   53   11    0
3255   53   11    1
3256   55   11    1
3257   55   11    0
3258   55   10    1
3259   55   10    0
3260   54   11    1
3261   54   11    0
3262   54   10    1
3263   54   10    0
3264   60   10    0
3265   60   10    1
3266   60   11    0
3267   60   11    1
3268   61   10    0
3269   61   10    1
3270   61   11    0
3271   61   11    1
3272   63   11    1
3273   63   11    0
3274   63   10    1
3275   63   10    0
3276   62   11    1
3277   62   11    0
3278   62   10    1
3279   62   10    0
3328   59    8    0
3329   59    8    1
3330   59    9    0
3331   59    9    1
3332   58    8    0
3333   58    8    1
3334   58    9    0
3335   58    9    1
3336   56    9    1
3337   56    9    0
3338   56    8    1
3339   56    8    0
3340   57    9    1
3341   57    9    0
3342   57    8    1
3343   57    8    0
3360   51    8    0
3361   51    8    1
3362   51    9    0
3363   51    9    1
3364   50    8    0
3365   50    8    1
3366   50    9    0
3367   50    9    1
3368   48    9    1
3369   48    9    0
3370   48    8    1
3371   48    8    0
3372   49    9    1
3373   49    9    0
3374   49    8    1
3375   49    8    0
3376   52    8    0
3377   52    8    1
3378   52    9    0
3379   52    9    1
3380   53    8    0
3381   53    8    1
3382   53    9    0
3383   53    9    1
3384   55    9    1
3385   55    9    0
3386   55    8    1
3387   55    8    0
3388   54    9    1
3389   54    9    0
3390   54    8    1
3391   54    8    0
3392   60    8    0
3393   60    8    1
3394   60    9    0
3395   60    9    1
3396   61    8    0
3397   61    8    1
3398   61    9    0
3399   61    9    1
3400   63    9    1
3401   63    9    0
3402   63    8    1
3403   63    8    0
3404   62    9    1
3405   62    9    0
3406   62    8    1
3407   62    8    0
3456   59    6    0
3457   59    6    1
3458   59    7    0
3459   59    7    1
3460   58    6    0
3461   58    6    1
3462   58    7    0
3463   58    7    1
3464   56    7    1
3465   56    7    0
3466   56    6    1
3467   56    6    0
3468   57    7    1
3469   57    7    0
3470   57    6    1
3471   57    6    0
3488   51    6    0
3489   51    6    1
3490   51    7    0
3491   51    7    1
3492   50    6    0
3493   50    6    1
3494   50    7    0
3495   50    7    1
3496   48    7    1
3497   48    7    0
3498   48    6    1
3499   48    6    0
3500   49    7    1
3501   49    7    0
3502   49    6    1
3503   49    6    0
3504   52    6    0
3505   52    6    1
3506   52    7    0
3507   52    7    1
3508   53    6    0
3509   53    6    1
3510   53    7    0
3511   53    7    1
3512   55    7    1
3513   55    7    0
3514   55    6    1
3515   55    6    0
3516   54    7    1
3517   54    7    0
3518   54    6    1
3519   54    6    0
3520   60    6    0
3521   60    6    1
3522   60    7    0
3523   60    7    1
3524   61    6    0
3525   61    6    1
3526   61    7    0
3527   61    7    1
3528   63    7    1
3529   63    7    0
3530   63    6    1
3531   63    6    0
3532   62    7    1
3533   62    7    0
3534   62    6    1
3535   62    6    0
3584   59    4    0
3585   59    4    1
3586   59    5    0
3587   59    5    1
3588   58    4    0
3589   58    4    1
3590   58    5    0
3591   58    5    1
3592   56    5    1
3593   56    5    0
3594   56    4    1
3595   56    4    0
3596   57    5    1
3597   57    5    0
3598   57    4    1
3599   57    4    0
3616   51    4    0
3617   51    4    1
3618   51    5    0
3619   51    5    1
3620   50    4    0
3621   50    4    1
3622   50    5    0
3623   50    5    1
3624   48    5    1
3625   48    5    0
3626   48    4    1
3627   48    4    0
3628   49    5    1
3629   49    5    0
3630   49    4    1
3631   49    4    0
3632   52    4    0
3633   52    4    1
3634   52    5    0
3635   52    5    1
3636   53    4    0
3637   53    4    1
3638   53    5    0
3639   53    5    1
3640   55    5    1
3641   55    5    0
3642   55    4    1
3643   55    4    0
3644   54    5    1
3645   54    5    0
3646   54    4    1
3647   54    4    0
3648   60    4    0
3649   60    4    1
3650   60    5    0
3651   60    5    1
3652   61    4    0
3653   61    4    1
3654   61    5    0
3655   61    5    1
3656   63    5    1
3657   63    5    0
3658   63    4    1
3659   63    4    0
3660   62    5    1
3661   62    5    0
3662   62    4    1
3663   62    4    0
3712   59    2    0
3713   59    2    1
3714   59    3    0
3715   59    3    1
3716   58    2    0
3717   58    2    1
3718   58    3    0
3719   58    3    1
3720   56    3    1
3721   56    3    0
3722   56    2    1
3723   56    2    0
3724   57    3    1
3725   57    3    0
3726   57    2    1
3727   57    2    0
3744   51    2    0
3745   51    2    1
3746   51    3    0
3747   51    3    1
3748   50    2    0
3749   50    2    1
3750   50    3    0
3751   50    3    1
3752   48    3    1
3753   48    3    0
3754   48    2    1
3755   48    2    0
3756   49    3    1
3757   49    3    0
3758   49    2    1
3759   49    2    0
3760   52    2    0
3761   52    2    1
3762   52    3    0
3763   52    3    1
3764   53    2    0
3765   53    2    1
3766   53    3    0
3767   53    3    1
3768   55    3    1
3769   55    3    0
3770   55    2    1
3771   55    2    0
3772   54    3    1
3773   54    3    0
3774   54    2    1
3775   54    2    0
3776   60    2    0
3777   60    2    1
3778   60    3    0
3779   60    3    1
3780   61    2    0
3781   61    2    1
3782   61    3    0
3783   61    3    1
3784   63    3    1
3785   63    3    0
3786   63    2    1
3787   63    2    0
3788   62    3    1
3789   62    3    0
3790   62    2    1
3791   62    2    0
3840   59    0    0
3841   59    0    1
3842   59    1    0
3843   59    1    1
3844   58    0    0
3845   58    0    1
3846   58    1    0
3847   58    1    1
3848   56    1    1
3849   56    1    0
3850   56    0    1
3851   56    0    0
3852   57    1    1
3853   57    1    0
3854   57    0    1
3855   57    0    0
3872   51    0    0
3873   51    0    1
3874   51    1    0
3875   51    1    1
3876   50    0    0
3877   50    0    1
3878   50    1    0
3879   50    1    1
3880   48    1    1
3881   48    1    0
3882   48    0    1
3883   48    0    0
3884   49    1    1
3885   49    1    0
3886   49    0    1
3887   49    0    0
3888   52    0    0
3889   52    0    1
3890   52    1    0
3891   52    1    1
3892   53    0    0
3893   53    0    1
3894   53    1    0
3895   53    1    1
3896   55    1    1
3897   55    1    0
3898   55    0    1
3899   55    0    0
3900   54    1    1
3901   54    1    0
3902   54    0    1
3903   54    0    0
3904   60    0    0
3905   60    0    1
3906   60    1    0
3907   60    1    1
3908   61    0    0
3909   61    0    1
3910   61    1    0
3911   61    1    1
3912   63    1    1
3913   63    1    0
3914   63    0    1
3915   63    0    0
3916   62    1    1
3917   62    1    0
3918   62    0    1
3919   62    0    0
