100	
1	9	19	8	0	3	48	133	79	5	15	194	7846	320	27	10	150	635	193	24	1	19	53	24	6	137	0	41	10000	2	5.5	24.775
1	5	13	11	2	11	52	124	76	6	10	182	7868	338	10	11	143	606	225	25	5	20	52	36	3	129	0	36	10000	2	5.5	24.325
2	10	20	9	4	5	65	150	81	7	18	182	7759	317	24	13	152	647	228	19	2	26	53	27	3	139	0	38	10000	2	5.5	23.875
2	5	10	12	2	5	56	173	91	10	11	219	7604	380	25	10	165	651	222	20	5	28	53	35	5	141	0	60	10000	2	5.5	23.425
0	6	9	10	2	6	62	171	76	6	15	242	7588	376	33	15	155	665	251	19	3	24	47	35	6	129	0	49	10000	2	5.5	22.975
5	5	8	7	1	7	57	162	79	11	20	196	7712	351	14	9	143	675	231	21	1	26	51	31	5	125	0	47	10000	2	5.5	22.525
0	7	15	9	2	10	68	158	86	12	17	200	7672	372	41	11	141	648	219	23	4	15	52	33	3	141	0	41	10000	2	5.5	22.075
1	10	16	13	3	6	55	176	71	8	15	208	7577	355	21	9	160	720	236	24	7	26	54	24	10	141	0	54	10000	2	5.5	21.625
0	7	14	13	2	5	57	152	93	9	12	244	7586	400	26	18	155	656	211	19	6	28	60	29	9	139	0	50	10000	2	5.5	21.175
1	11	13	13	2	9	72	217	85	18	27	233	7411	401	23	18	161	688	237	24	3	22	51	30	5	171	0	54	10000	2	5.5	20.725
1	9	17	7	1	8	64	196	100	15	21	263	7277	412	42	17	171	720	268	36	9	22	74	37	7	159	0	47	10000	2	5.5	20.275
1	9	18	12	1	7	76	214	107	13	9	244	7236	420	26	21	168	744	264	24	5	32	69	37	3	176	0	64	10000	2	5.5	19.825
2	11	22	16	4	9	84	212	122	11	17	273	7004	451	44	15	183	804	297	26	2	35	56	54	8	162	0	76	10000	2	5.5	19.375
1	9	18	13	4	12	100	222	122	14	14	263	6917	487	30	17	208	880	263	24	2	34	68	39	6	170	0	63	10000	2	5.5	18.925
0	13	16	14	4	13	97	223	129	17	22	341	6677	499	37	25	206	897	324	23	4	41	86	40	11	188	0	53	10000	2	5.5	18.475
3	9	24	16	4	7	103	268	135	18	19	318	6550	529	36	13	222	950	313	29	4	37	62	42	9	213	0	67	10000	2	5.5	18.025
3	14	30	18	4	18	108	259	160	21	27	350	6395	548	51	20	214	995	302	41	1	38	80	35	3	192	0	73	10000	2	5.5	17.575
1	16	33	23	2	9	121	303	144	19	32	365	6177	594	40	24	240	966	371	31	6	36	90	59	5	219	0	74	10000	2	5.5	17.125
3	14	30	21	7	18	118	301	164	20	24	377	6036	581	52	28	269	1048	364	36	6	38	80	53	5	233	0	74	10000	2	5.5	16.675
6	18	32	19	5	21	116	361	135	25	40	379	5939	641	43	25	251	1030	363	33	3	39	101	42	11	248	0	74	10000	2	5.5	16.225
1	16	26	16	3	10	130	349	208	16	27	408	5773	605	53	25	267	1132	382	30	13	44	79	55	6	241	0	85	10000	2	5.5	15.775
2	18	24	14	3	21	153	375	166	30	36	430	5660	631	57	18	283	1133	344	42	6	36	82	63	10	276	0	87	10000	2	5.5	15.325
2	16	33	16	2	20	133	366	184	23	23	432	5586	676	61	17	269	1169	390	44	8	55	103	45	4	233	0	90	10000	2	5.5	14.875
1	22	42	15	5	21	134	347	171	16	34	418	5450	709	62	22	291	1223	439	33	5	48	102	51	12	228	0	99	10000	2	5.5	14.425
3	21	43	23	4	16	147	364	195	21	35	446	5306	734	46	31	290	1228	412	41	3	48	106	46	8	280	0	103	10000	2	5.5	13.975
4	19	36	33	4	14	147	366	180	13	42	500	5295	671	37	30	341	1250	411	36	9	53	99	58	9	250	0	93	10000	2	5.5	13.525
7	22	46	20	5	12	151	422	190	18	26	480	5158	712	65	26	314	1211	429	42	8	51	115	62	11	289	0	108	10000	2	5.5	13.075
5	15	32	18	5	17	153	390	210	23	42	488	5131	719	37	29	301	1282	456	49	9	60	108	59	5	264	0	93	10000	2	5.5	12.625
4	21	38	13	5	14	154	389	205	25	32	488	4987	720	55	25	325	1386	433	49	7	36	115	59	5	311	0	99	10000	2	5.5	12.175
2	18	30	27	3	16	164	428	202	28	43	489	5027	742	48	36	341	1304	418	36	6	55	98	56	11	270	0	102	10000	2	5.5	11.725
1	19	39	23	7	18	169	437	229	23	45	526	4833	749	54	29	340	1293	507	43	9	48	105	64	6	287	0	97	10000	2	5.5	11.275
1	20	27	22	7	15	169	417	216	26	28	463	4974	765	54	28	342	1306	443	33	7	45	118	57	9	308	0	100	10000	2	5.5	10.825
5	22	39	28	5	14	154	432	198	29	45	494	4826	749	67	26	347	1356	445	45	6	49	114	68	7	313	0	117	10000	2	5.5	10.375
4	23	38	18	4	26	165	427	237	28	33	500	4813	799	58	24	331	1353	445	41	7	45	99	56	10	321	0	95	10000	2	5.5	9.925
3	20	44	20	6	7	173	432	234	27	36	492	4889	769	57	30	320	1311	444	49	7	33	117	77	10	292	0	101	10000	2	5.5	9.475
5	19	38	22	1	14	177	455	208	20	37	509	4844	738	60	34	333	1315	475	42	7	49	124	65	10	307	0	92	10000	2	5.5	9.025
3	18	51	29	2	14	179	467	226	31	36	521	4695	806	69	27	320	1314	464	35	8	52	119	70	9	301	0	134	10000	2	5.5	8.575
5	19	37	18	7	15	182	420	209	31	49	511	4810	806	61	24	351	1306	472	40	6	52	109	68	7	289	0	96	10000	2	5.5	8.125
4	17	36	29	4	11	157	491	215	30	38	489	4671	788	51	32	329	1382	484	41	5	65	132	54	12	317	0	116	10000	2	5.5	7.675
2	20	56	34	8	22	148	465	211	19	35	547	4578	821	74	36	366	1358	482	47	9	44	102	61	7	340	0	108	10000	2	5.5	7.225
2	28	41	33	6	15	178	436	226	19	47	542	4664	796	62	25	331	1350	477	47	3	48	115	72	10	306	0	121	10000	2	5.5	6.775
9	18	38	28	9	21	171	468	219	25	32	519	4554	834	47	28	365	1391	452	44	11	56	126	62	7	353	0	113	10000	2	5.5	6.325
3	22	44	31	2	13	160	466	245	37	39	526	4554	823	56	33	354	1398	485	52	10	52	106	57	2	324	0	106	10000	2	5.5	5.875
4	27	39	28	4	22	178	453	228	35	35	522	4620	831	54	35	353	1355	463	38	7	54	108	67	15	309	0	116	10000	2	5.5	5.425
6	25	41	24	6	19	173	434	229	24	29	532	4675	807	51	32	333	1351	486	51	4	54	132	58	12	301	0	111	10000	2	5.5	4.975
7	22	33	25	8	16	171	457	224	31	40	580	4636	819	58	29	348	1394	408	44	8	65	110	69	9	295	0	94	10000	2	5.5	4.525
4	19	42	28	7	13	188	467	251	19	42	499	4507	856	56	26	350	1366	508	46	7	47	122	60	13	332	12	113	10000	2	5.5	4.075
4	17	44	27	5	14	162	475	213	30	30	579	4574	744	60	30	332	1375	485	39	6	70	112	58	19	330	57	109	10000	2	5.5	3.625
5	22	42	30	4	23	189	488	225	28	39	504	4460	826	57	30	333	1398	455	45	8	48	120	64	10	290	158	99	10000	2	5.5	3.175
8	22	45	31	6	28	181	467	220	31	49	571	4297	774	46	23	320	1343	434	43	13	45	122	57	8	309	393	114	10000	2	5.5	2.725
5	29	44	33	1	24	179	385	227	34	40	546	4170	742	66	42	315	1315	481	41	9	51	114	62	5	260	671	109	10000	2	5.5	2.275
6	21	36	26	3	10	143	390	190	13	32	480	4042	717	42	30	297	1175	433	32	4	49	125	53	7	297	1248	99	10000	2	5.5	1.825
3	20	34	16	3	20	141	410	187	23	33	458	3640	663	44	27	308	1159	396	35	8	33	94	59	9	229	1867	81	10000	2	5.5	1.375
2	12	19	22	7	14	141	366	166	25	37	422	3251	643	45	18	262	1025	362	33	4	49	93	43	8	236	2627	68	10000	2	5.5	0.925
7	16	31	23	3	16	118	354	172	29	41	379	2909	528	42	13	240	941	307	31	3	38	53	36	1	219	3373	77	10000	2	5.5	0.475
1	9	12	19	5	8	104	254	147	21	28	292	2539	448	41	13	210	805	271	23	3	33	67	36	6	205	4346	54	10000	2	5.5	0.025
0	8	29	15	3	8	81	233	129	19	15	272	1976	416	28	19	157	633	250	18	3	26	54	33	3	209	5316	47	10000	2	5.5	-0.425
0	8	22	9	1	8	78	194	106	8	16	226	1760	387	21	18	166	608	203	21	2	22	43	29	4	152	5838	50	10000	2	5.5	-0.875
2	10	14	10	4	10	63	169	86	10	19	195	1516	345	27	9	135	498	174	20	4	22	29	20	2	127	6442	38	10000	2	5.5	-1.325
3	5	16	11	0	7	49	165	71	5	6	181	1328	301	19	14	120	474	164	19	1	27	30	22	5	145	6775	37	10000	2	5.5	-1.775
0	2	10	7	0	3	45	139	63	10	13	146	1180	234	25	13	116	364	161	10	1	16	29	15	4	138	7233	23	10000	2	5.5	-2.225
1	6	10	4	3	2	46	104	66	8	4	123	1046	202	31	6	98	317	113	12	2	12	19	14	1	106	7618	26	10000	2	5.5	-2.675
0	5	11	8	0	3	43	104	50	5	13	127	854	181	11	11	86	283	102	8	2	10	24	17	2	137	7890	13	10000	2	5.5	-3.125
2	4	8	6	2	4	40	92	39	3	7	94	725	168	12	3	58	287	97	7	3	10	27	19	1	106	8151	25	10000	2	5.5	-3.575
0	3	4	4	0	0	28	82	36	9	11	108	619	112	11	6	47	219	76	2	2	13	25	11	5	107	8445	15	10000	2	5.5	-4.025
0	8	2	7	0	6	35	77	38	2	4	60	562	109	13	2	48	195	83	4	1	7	17	8	0	112	8589	11	10000	2	5.5	-4.475
0	5	4	6	1	0	28	63	29	5	5	73	474	125	9	3	46	182	66	4	0	8	8	14	4	102	8719	17	10000	2	5.5	-4.925
0	4	2	5	2	2	16	58	27	2	4	46	386	89	3	4	34	173	52	6	1	7	7	6	1	110	8942	11	10000	2	5.5	-5.375
0	0	4	2	0	4	15	56	31	4	6	52	337	86	8	5	31	126	54	3	0	5	12	8	0	149	8993	9	10000	2	5.5	-5.825
0	2	5	0	0	2	13	33	23	2	4	37	292	55	5	5	27	90	40	7	1	6	14	4	0	146	9181	6	10000	2	5.5	-6.275
0	1	4	0	2	2	10	27	16	4	2	41	262	60	7	1	17	103	28	6	0	2	8	9	0	162	9218	8	10000	2	5.5	-6.725
1	1	2	3	0	1	11	27	21	2	1	40	229	55	6	1	20	68	28	4	2	1	13	5	0	183	9266	9	10000	2	5.5	-7.175
0	3	1	4	0	1	6	27	15	2	4	33	189	51	3	2	17	86	36	2	0	0	8	0	1	199	9307	3	10000	2	5.5	-7.625
0	1	0	1	0	0	16	23	6	3	2	19	175	41	2	1	16	66	26	1	1	2	5	5	0	234	9351	3	10000	2	5.5	-8.075
0	2	0	1	2	1	7	8	11	1	2	23	148	38	1	1	16	70	12	2	0	1	8	5	0	271	9363	6	10000	2	5.5	-8.525
0	1	1	0	0	0	12	17	9	1	1	16	133	28	2	2	9	51	13	1	0	2	2	4	0	300	9390	5	10000	2	5.5	-8.975
0	1	2	1	0	2	4	11	6	3	1	15	106	25	2	0	9	49	15	3	0	3	6	3	0	335	9397	1	10000	2	5.5	-9.425
1	0	1	0	0	2	4	15	8	2	1	9	85	22	1	1	10	40	16	1	0	0	1	1	0	340	9437	2	10000	2	5.5	-9.875
0	2	2	2	0	1	1	4	5	0	0	8	69	17	0	1	15	27	10	2	0	0	3	0	0	434	9396	1	10000	2	5.5	-10.325
0	0	0	1	0	0	3	13	9	0	2	6	80	10	2	0	8	22	16	1	0	0	6	0	1	507	9313	0	10000	2	5.5	-10.775
0	2	0	2	0	0	5	7	4	0	0	11	57	20	2	0	4	23	5	1	0	1	4	2	2	554	9293	1	10000	2	5.5	-11.225
0	0	2	0	0	0	2	8	3	0	0	9	54	5	1	0	5	24	5	0	0	1	3	2	1	672	9202	1	10000	2	5.5	-11.675
0	1	0	0	0	0	2	6	2	1	0	7	50	9	1	0	0	12	6	2	0	0	2	2	0	711	9185	1	10000	2	5.5	-12.125
0	0	0	0	0	1	1	4	1	0	1	5	42	11	0	0	3	14	5	1	0	0	0	0	0	839	9072	0	10000	2	5.5	-12.575
0	0	1	0	0	0	1	4	3	0	2	7	28	8	1	0	1	11	4	1	0	0	2	1	0	991	8933	1	10000	2	5.5	-13.025
0	0	0	0	0	0	2	4	2	0	0	5	38	6	1	0	3	7	4	1	0	0	0	0	0	1030	8896	1	10000	2	5.5	-13.475
0	0	0	1	0	2	0	6	1	0	0	9	27	5	0	0	5	9	3	0	1	0	3	1	0	1263	8664	0	10000	2	5.5	-13.925
0	0	1	0	0	0	0	4	1	0	0	1	19	8	1	0	2	7	3	2	0	1	1	0	0	1534	8415	0	10000	2	5.5	-14.375
0	0	1	1	0	0	0	4	3	0	1	2	15	6	0	0	1	5	2	1	0	0	2	2	0	1692	8261	1	10000	2	5.5	-14.825
0	0	0	0	0	0	0	3	0	0	0	3	10	5	1	0	0	5	2	0	0	0	1	1	0	2003	7965	1	10000	2	5.5	-15.275
0	0	1	0	0	0	1	2	2	0	0	0	10	4	1	1	1	5	2	0	0	1	1	1	0	2248	7718	1	10000	2	5.5	-15.725
0	0	0	0	0	0	1	0	5	0	0	2	3	2	0	1	2	7	1	0	0	0	2	0	0	2591	7383	0	10000	2	5.5	-16.175
0	0	1	1	0	0	1	0	3	0	0	0	4	4	0	0	0	7	2	1	0	0	1	0	0	3001	6973	1	10000	2	5.5	-16.625
0	0	0	0	0	0	0	2	0	0	0	1	8	3	0	0	1	4	1	0	0	0	0	1	0	3506	6473	0	10000	2	5.5	-17.075
0	0	0	0	0	0	0	0	1	0	0	1	7	1	0	0	0	4	0	0	1	0	0	0	0	3951	6034	0	10000	2	5.5	-17.525
0	0	0	0	0	0	1	0	0	1	0	5	3	2	1	0	2	7	3	0	0	0	0	0	0	4566	5409	0	10000	2	5.5	-17.975
0	0	0	0	0	0	0	4	2	0	0	0	3	2	0	0	0	1	2	0	0	0	0	0	0	5397	4589	0	10000	2	5.5	-18.425
0	0	0	0	0	0	1	1	1	0	0	1	2	2	0	0	1	0	0	0	0	0	0	0	0	6155	3835	1	10000	2	5.5	-18.875
0	0	0	0	0	0	0	0	0	1	0	0	3	0	0	0	0	3	1	0	0	0	0	0	0	6945	3047	0	10000	2	5.5	-19.325
0	0	0	0	0	0	1	0	0	0	0	1	2	0	0	0	0	3	0	0	0	0	1	0	0	7656	2336	0	10000	2	5.5	-19.775
