100	
1	13	40	29	6	7	80	364	263	57	13	225	2667	1925	147	16	212	1640	1228	126	6	48	165	119	31	452	0	120	10000	12	9.5	24.775
3	9	26	28	11	3	86	315	303	61	19	229	2679	1872	162	20	191	1629	1268	115	7	45	158	134	30	483	0	114	10000	12	9.5	24.325
0	15	44	40	4	6	68	321	290	56	15	266	2710	1829	156	8	223	1686	1209	132	5	41	163	146	19	423	0	125	10000	12	9.5	23.875
2	14	35	34	9	8	96	323	308	52	16	212	2705	1900	153	16	209	1667	1174	105	4	38	163	156	31	454	0	116	10000	12	9.5	23.425
6	13	31	39	9	10	86	322	310	58	29	246	2606	1868	154	14	199	1671	1264	127	5	33	145	143	39	452	0	121	10000	12	9.5	22.975
3	11	29	30	9	9	89	344	309	62	19	261	2715	1812	135	21	179	1661	1230	120	4	39	164	139	18	467	0	121	10000	12	9.5	22.525
2	9	40	40	5	5	74	345	324	59	16	248	2604	1926	145	16	200	1608	1254	139	4	40	151	151	25	451	0	119	10000	12	9.5	22.075
0	12	26	38	7	17	85	344	302	50	19	244	2545	1949	153	9	193	1661	1203	130	4	38	167	161	23	487	0	133	10000	12	9.5	21.625
3	16	26	24	13	7	86	375	302	60	17	215	2737	1872	137	16	204	1672	1236	117	4	41	144	132	27	420	0	97	10000	12	9.5	21.175
1	7	34	31	5	7	72	356	298	60	18	257	2707	1863	128	18	209	1684	1165	123	5	49	159	156	26	435	0	127	10000	12	9.5	20.725
0	10	32	42	8	8	77	335	300	49	15	239	2656	1905	159	9	181	1702	1196	139	4	38	162	134	22	437	0	141	10000	12	9.5	20.275
1	9	31	31	9	12	91	333	287	55	19	246	2684	1953	138	19	190	1662	1179	106	5	43	167	145	25	441	0	119	10000	12	9.5	19.825
2	16	34	29	8	17	80	336	297	37	16	235	2666	1922	119	21	213	1656	1228	116	8	48	168	132	23	447	0	126	10000	12	9.5	19.375
1	8	34	37	8	10	81	329	296	57	18	224	2676	1933	116	15	199	1603	1281	122	6	39	168	151	32	437	0	119	10000	12	9.5	18.925
0	14	35	27	6	10	82	332	304	50	16	227	2637	1865	136	13	230	1684	1269	119	4	45	172	134	29	442	0	118	10000	12	9.5	18.475
1	16	29	28	5	10	85	330	323	52	22	249	2646	1900	143	16	200	1636	1220	126	3	47	144	141	36	454	0	138	10000	12	9.5	18.025
5	17	32	24	7	11	90	350	335	34	14	233	2678	1852	138	20	201	1615	1267	123	2	47	161	153	35	436	0	120	10000	12	9.5	17.575
4	18	34	32	4	11	86	329	285	52	21	232	2705	1864	131	16	210	1677	1233	135	6	41	154	155	17	434	0	114	10000	12	9.5	17.125
1	7	36	32	5	8	87	324	333	50	17	229	2679	1866	140	17	224	1661	1197	119	6	49	160	162	27	452	0	112	10000	12	9.5	16.675
3	14	39	47	10	12	85	345	305	53	18	240	2602	1836	147	11	193	1671	1259	120	3	42	174	144	27	479	0	121	10000	12	9.5	16.225
1	13	39	36	10	8	96	327	298	52	25	265	2599	1874	151	10	205	1694	1238	127	4	33	189	131	24	427	0	124	10000	12	9.5	15.775
3	17	28	34	12	11	77	355	340	51	15	242	2648	1818	159	11	211	1660	1240	132	3	34	158	135	26	465	0	115	10000	12	9.5	15.325
1	10	40	35	6	6	82	330	309	54	18	247	2674	1876	132	15	209	1679	1221	110	4	42	158	141	24	468	0	109	10000	12	9.5	14.875
4	14	47	23	7	14	73	330	344	55	21	239	2606	1842	133	14	205	1639	1267	111	4	38	169	140	29	492	0	140	10000	12	9.5	14.425
0	14	40	34	9	7	93	364	283	55	18	268	2601	1851	144	11	196	1658	1226	135	5	51	185	145	29	460	0	118	10000	12	9.5	13.975
3	11	27	23	7	10	70	338	303	54	30	253	2684	1863	152	18	197	1647	1229	96	1	39	186	152	25	444	0	138	10000	12	9.5	13.525
1	12	39	25	8	8	79	331	299	40	20	248	2613	1835	169	23	222	1661	1276	126	2	52	149	144	22	453	0	143	10000	12	9.5	13.075
0	16	37	25	15	12	88	321	318	60	17	222	2643	1844	128	16	185	1734	1231	111	4	40	173	144	25	463	0	128	10000	12	9.5	12.625
0	6	48	33	4	8	90	351	324	49	16	255	2572	1911	142	18	205	1609	1270	121	4	50	153	156	40	440	0	125	10000	12	9.5	12.175
3	12	32	31	10	12	85	365	279	50	22	277	2667	1866	141	20	214	1618	1224	116	6	50	156	130	28	446	0	140	10000	12	9.5	11.725
1	8	41	31	11	10	86	348	302	45	16	267	2630	1819	134	22	214	1699	1237	152	5	40	149	133	24	449	0	127	10000	12	9.5	11.275
3	14	27	34	10	15	90	363	320	45	19	249	2595	1895	136	8	199	1618	1265	118	5	42	165	171	21	470	0	103	10000	12	9.5	10.825
4	9	43	24	8	7	85	370	290	39	22	241	2623	1939	158	13	186	1695	1199	109	4	49	133	161	32	412	0	145	10000	12	9.5	10.375
2	13	32	25	12	16	84	356	300	45	20	249	2618	1824	137	20	213	1709	1245	122	4	48	160	165	24	449	0	108	10000	12	9.5	9.925
5	10	31	32	6	4	97	366	320	61	29	228	2567	1858	133	17	238	1740	1240	115	6	35	144	121	29	452	0	116	10000	12	9.5	9.475
0	11	19	32	7	10	91	323	288	52	15	276	2554	1904	155	21	190	1653	1278	128	5	35	159	146	33	464	0	151	10000	12	9.5	9.025
1	15	37	36	6	4	101	347	321	43	21	235	2608	1910	131	12	201	1579	1281	135	1	49	173	163	26	452	0	112	10000	12	9.5	8.575
2	14	29	25	6	5	89	332	311	54	19	261	2625	1830	145	13	198	1668	1265	117	6	52	173	156	28	441	0	136	10000	12	9.5	8.125
1	18	41	37	10	12	97	367	307	47	27	269	2581	1831	128	14	205	1714	1197	114	2	41	148	149	19	514	0	110	10000	12	9.5	7.675
3	11	37	27	3	1	90	360	292	45	18	256	2613	1917	148	21	220	1684	1201	114	4	44	176	151	21	434	0	109	10000	12	9.5	7.225
1	14	38	37	7	4	78	306	292	51	22	252	2612	1905	134	14	221	1718	1220	137	6	51	169	141	34	411	0	125	10000	12	9.5	6.775
3	16	33	49	8	8	85	321	331	47	14	233	2600	1909	139	9	190	1650	1235	121	3	40	154	154	19	490	0	139	10000	12	9.5	6.325
3	12	39	21	10	6	80	368	321	45	20	244	2516	1900	151	13	194	1692	1322	123	0	42	160	161	25	423	0	109	10000	12	9.5	5.875
4	13	18	44	8	9	66	404	308	51	20	233	2630	1929	141	21	210	1627	1243	119	4	39	161	142	26	420	0	110	10000	12	9.5	5.425
2	9	41	35	5	9	70	337	317	55	19	230	2538	1939	145	21	201	1656	1317	119	7	38	152	150	22	449	0	117	10000	12	9.5	4.975
0	13	37	25	12	6	85	369	313	63	19	252	2573	1914	167	13	194	1672	1220	115	4	49	169	144	23	433	0	116	10000	12	9.5	4.525
2	13	36	29	8	5	88	331	314	53	18	240	2633	1835	155	14	195	1721	1203	123	2	53	159	152	25	439	13	141	10000	12	9.5	4.075
3	11	33	40	5	7	87	329	306	44	14	278	2524	1880	142	9	215	1696	1248	127	3	54	167	158	26	423	47	124	10000	12	9.5	3.625
3	10	42	26	6	9	70	339	322	53	14	240	2544	1882	141	29	192	1632	1198	115	8	42	160	127	31	465	165	135	10000	12	9.5	3.175
1	5	36	25	12	8	95	329	310	60	16	230	2451	1844	142	19	168	1516	1266	123	3	48	151	150	22	470	368	132	10000	12	9.5	2.725
0	8	39	31	9	9	94	331	273	43	11	235	2386	1713	116	18	186	1573	1181	108	3	45	153	130	33	391	752	129	10000	12	9.5	2.275
0	13	35	28	7	9	83	304	267	39	17	214	2242	1653	120	10	173	1487	1121	114	4	29	151	116	22	415	1221	106	10000	12	9.5	1.825
1	6	25	26	4	6	89	276	258	42	16	217	2098	1528	117	17	190	1367	942	87	5	33	123	109	17	400	1888	113	10000	12	9.5	1.375
2	6	32	32	6	5	55	242	241	43	9	206	1781	1368	114	9	125	1293	973	80	2	32	135	97	23	355	2639	95	10000	12	9.5	0.925
1	8	21	22	6	7	54	265	210	38	17	167	1683	1240	86	13	133	1084	814	72	3	34	116	101	22	299	3399	85	10000	12	9.5	0.475
1	7	22	21	4	0	59	210	183	27	13	145	1472	1103	76	15	134	939	690	87	4	29	98	70	17	287	4219	68	10000	12	9.5	0.025
0	6	9	15	7	4	44	145	192	20	7	149	1182	918	57	9	105	796	606	63	1	26	71	74	12	230	5192	60	10000	12	9.5	-0.425
1	8	11	13	4	3	38	157	128	17	5	115	1041	788	55	5	63	640	558	59	3	15	72	67	18	243	5824	49	10000	12	9.5	-0.875
1	3	20	17	3	2	37	124	108	11	7	93	924	658	44	2	83	607	465	54	4	23	62	56	5	172	6368	47	10000	12	9.5	-1.325
0	4	8	6	5	0	30	110	100	27	7	83	796	611	49	2	62	514	379	41	2	10	53	48	5	175	6845	28	10000	12	9.5	-1.775
0	5	9	9	2	1	22	109	87	8	4	59	695	534	35	7	41	435	325	36	0	12	34	36	8	148	7301	38	10000	12	9.5	-2.225
0	3	12	7	1	2	13	85	94	13	6	59	657	476	37	5	46	368	279	37	1	12	46	41	8	145	7511	36	10000	12	9.5	-2.675
0	0	6	8	1	2	18	65	68	8	4	44	480	407	24	1	36	338	263	26	0	9	25	38	5	159	7946	19	10000	12	9.5	-3.125
0	1	3	5	1	0	14	68	58	8	1	36	440	333	30	1	35	303	218	31	0	6	29	23	4	123	8212	17	10000	12	9.5	-3.575
0	2	5	3	0	2	15	51	48	7	3	36	379	280	26	7	34	262	207	21	1	9	22	30	4	143	8389	14	10000	12	9.5	-4.025
0	2	3	5	1	0	13	46	46	2	4	22	257	255	21	2	34	224	169	10	0	10	23	18	4	125	8690	14	10000	12	9.5	-4.475
0	0	5	7	0	2	8	38	43	5	3	28	309	211	19	2	28	190	152	17	0	7	18	8	5	116	8768	11	10000	12	9.5	-4.925
0	0	4	0	2	0	7	41	33	6	2	23	239	187	12	2	19	174	123	18	0	1	16	13	3	139	8925	11	10000	12	9.5	-5.375
0	3	0	3	0	1	6	26	29	3	1	19	203	186	18	0	21	136	136	6	1	5	12	13	2	148	9013	9	10000	12	9.5	-5.825
0	1	3	1	0	0	6	23	24	4	2	23	164	155	7	3	13	118	95	7	0	3	13	20	3	131	9171	10	10000	12	9.5	-6.275
0	2	7	0	2	0	6	28	30	2	1	14	152	117	11	1	13	109	80	11	0	2	9	15	4	198	9179	7	10000	12	9.5	-6.725
0	0	2	3	1	0	3	16	21	3	0	11	146	107	12	0	13	95	77	11	0	0	8	12	0	176	9276	7	10000	12	9.5	-7.175
0	0	3	2	0	0	4	17	20	1	0	11	118	101	8	1	10	79	67	6	2	0	10	11	2	196	9327	4	10000	12	9.5	-7.625
0	1	4	2	0	0	3	10	12	4	1	18	95	84	12	0	7	77	51	3	0	2	14	11	3	223	9354	9	10000	12	9.5	-8.075
0	1	0	3	0	0	1	14	11	1	0	9	73	58	10	1	9	62	53	7	0	2	7	5	1	281	9388	3	10000	12	9.5	-8.525
0	0	3	0	0	0	4	10	11	1	1	7	66	45	3	0	5	56	39	6	0	1	4	6	0	269	9461	2	10000	12	9.5	-8.975
0	0	1	2	2	0	3	6	5	1	1	7	66	48	5	1	7	45	34	3	0	1	4	7	1	337	9411	2	10000	12	9.5	-9.425
0	0	0	1	0	0	2	7	9	1	1	7	50	40	7	0	5	38	23	5	0	0	7	5	0	355	9434	3	10000	12	9.5	-9.875
0	1	0	0	2	0	1	8	4	2	1	7	43	42	0	0	5	26	27	7	1	2	3	5	0	432	9379	2	10000	12	9.5	-10.325
0	0	0	1	0	0	2	9	2	2	0	4	38	41	6	0	4	23	21	2	0	1	3	3	0	453	9382	3	10000	12	9.5	-10.775
0	0	0	0	0	0	0	6	3	1	0	6	25	29	2	0	2	15	25	1	0	2	5	4	0	546	9326	2	10000	12	9.5	-11.225
0	0	0	0	0	0	1	2	9	1	0	4	24	18	0	0	1	25	17	0	0	1	2	1	0	653	9238	3	10000	12	9.5	-11.675
0	1	1	1	0	0	1	2	5	0	0	3	34	19	1	0	2	20	20	2	0	0	1	1	0	760	9123	3	10000	12	9.5	-12.125
0	0	0	0	0	0	0	6	2	2	0	0	21	21	3	0	3	21	14	2	0	1	1	4	0	815	9082	2	10000	12	9.5	-12.575
0	0	0	0	2	0	1	2	3	1	0	2	23	17	2	0	3	14	8	3	0	0	0	0	1	970	8946	2	10000	12	9.5	-13.025
0	0	0	0	0	0	0	4	3	0	0	3	18	10	0	0	0	20	13	1	0	0	0	1	0	1071	8856	0	10000	12	9.5	-13.475
0	0	0	2	1	0	0	2	1	0	0	1	14	12	0	0	2	13	10	1	0	1	1	1	0	1333	8604	1	10000	12	9.5	-13.925
0	0	1	1	0	0	0	3	0	0	0	1	11	11	1	0	2	10	7	0	0	0	1	0	0	1499	8451	1	10000	12	9.5	-14.375
0	0	0	0	0	0	0	1	1	0	1	0	7	9	0	0	0	9	5	1	0	0	2	2	0	1688	8273	1	10000	12	9.5	-14.825
0	0	0	0	0	0	0	2	1	0	0	2	6	5	0	0	0	5	8	1	0	0	1	0	0	2054	7914	1	10000	12	9.5	-15.275
0	0	1	1	0	0	1	2	1	0	0	6	12	7	0	0	1	9	4	1	0	0	0	1	0	2260	7693	0	10000	12	9.5	-15.725
0	0	0	0	0	0	0	2	2	1	0	1	6	6	1	0	0	4	3	0	0	0	1	0	0	2623	7349	1	10000	12	9.5	-16.175
0	0	0	0	0	0	0	1	0	0	0	0	6	2	1	0	1	1	4	1	0	0	1	2	0	3077	6902	1	10000	12	9.5	-16.625
0	0	0	0	0	0	2	0	1	0	0	0	2	4	0	0	1	3	2	0	0	0	0	0	0	3488	6497	0	10000	12	9.5	-17.075
0	0	0	0	0	0	1	0	2	0	0	0	3	2	0	0	0	2	3	0	0	1	0	0	0	3991	5995	0	10000	12	9.5	-17.525
0	0	0	0	0	0	0	0	0	0	0	1	2	7	0	0	0	4	2	0	0	0	2	0	0	4515	5467	0	10000	12	9.5	-17.975
0	0	0	0	0	0	0	0	0	0	0	1	2	1	0	1	0	0	0	0	0	0	1	0	0	5474	4519	1	10000	12	9.5	-18.425
0	0	0	0	0	0	0	0	0	0	0	1	1	4	1	0	0	2	1	0	0	0	0	0	0	6245	3743	2	10000	12	9.5	-18.875
0	0	0	0	0	0	0	0	1	0	0	2	3	1	0	0	0	0	3	0	0	0	0	0	0	6912	3078	0	10000	12	9.5	-19.325
0	0	0	0	0	0	0	0	0	0	0	0	1	1	0	0	0	2	0	0	0	0	0	0	0	7613	2383	0	10000	12	9.5	-19.775
