100	
2	11	25	9	2	11	115	253	102	21	40	461	5675	438	34	37	412	1428	331	29	7	63	110	59	6	225	0	94	10000	0	8	24.775
0	10	30	12	3	17	98	222	110	21	26	463	5786	462	31	28	341	1402	350	32	14	61	110	46	7	251	0	67	10000	0	8	24.325
2	18	22	12	4	13	122	238	116	14	30	466	5601	468	34	29	368	1498	355	33	7	66	110	47	8	235	0	84	10000	0	8	23.875
1	17	24	7	3	17	128	260	112	23	38	478	5622	472	34	21	344	1478	329	34	6	48	104	50	14	261	0	75	10000	0	8	23.425
4	16	19	10	0	19	114	237	142	16	39	465	5652	461	40	40	358	1410	366	34	7	67	113	48	8	242	0	73	10000	0	8	22.975
0	15	18	15	2	19	113	228	118	19	34	455	5640	503	31	44	362	1412	358	28	16	60	103	50	8	261	0	88	10000	0	8	22.525
3	16	20	11	2	15	113	252	90	21	33	444	5662	485	39	33	372	1426	348	37	8	47	111	55	6	270	0	81	10000	0	8	22.075
2	18	15	7	3	11	94	266	114	17	36	469	5552	451	38	33	369	1506	395	30	8	43	122	47	11	241	0	102	10000	0	8	21.625
0	14	23	14	5	16	117	244	125	13	39	468	5469	486	33	27	375	1516	390	35	7	52	117	69	8	240	0	98	10000	0	8	21.175
4	18	26	12	2	11	125	256	118	25	28	469	5532	512	33	27	372	1502	349	37	4	67	104	55	4	234	0	74	10000	0	8	20.725
0	9	21	12	5	12	131	242	147	15	44	508	5481	518	47	27	353	1458	357	41	8	57	111	61	8	248	0	79	10000	0	8	20.275
3	13	20	14	2	20	117	275	114	13	26	477	5455	516	37	28	384	1482	389	28	9	69	117	58	11	247	0	76	10000	0	8	19.825
2	19	20	12	0	20	118	264	125	18	38	519	5375	514	37	26	396	1500	368	37	8	57	98	58	6	276	0	89	10000	0	8	19.375
3	12	18	16	2	16	129	307	124	18	33	482	5298	561	42	35	393	1488	381	28	6	51	130	62	4	267	0	94	10000	0	8	18.925
1	20	27	16	2	19	118	261	115	14	31	506	5303	533	45	40	389	1571	346	35	7	61	111	58	5	288	0	78	10000	0	8	18.475
3	12	29	12	4	19	126	274	133	22	49	502	5160	535	52	41	390	1560	389	32	9	72	119	59	8	300	0	89	10000	0	8	18.025
3	22	28	27	4	17	119	323	128	17	37	519	5033	560	29	41	406	1627	378	32	6	66	106	62	11	292	0	107	10000	0	8	17.575
3	15	24	15	3	13	129	298	152	28	47	540	4941	586	38	41	398	1589	430	35	11	65	122	63	14	309	0	91	10000	0	8	17.125
3	18	26	19	3	15	121	302	140	14	44	522	4985	579	50	40	415	1632	377	30	14	71	123	66	8	287	0	96	10000	0	8	16.675
2	13	25	15	7	19	132	326	130	15	48	529	4889	569	49	29	488	1606	404	33	10	82	130	63	5	268	0	114	10000	0	8	16.225
2	19	24	18	3	12	120	318	167	18	41	520	4905	588	52	34	461	1640	414	32	8	55	121	47	8	270	0	103	10000	0	8	15.775
1	14	29	17	2	16	156	315	118	12	44	547	4838	603	36	31	447	1614	417	31	8	68	120	68	8	325	0	115	10000	0	8	15.325
6	18	33	11	4	22	155	321	164	21	43	582	4732	600	49	37	414	1671	428	30	8	63	127	65	9	286	0	101	10000	0	8	14.875
5	18	31	19	1	23	144	342	133	10	41	590	4690	554	48	38	438	1727	426	24	10	70	141	67	10	301	0	99	10000	0	8	14.425
3	19	27	20	5	15	148	358	155	22	41	596	4653	596	49	37	441	1658	402	48	10	72	149	79	14	283	0	100	10000	0	8	13.975
6	21	39	21	2	22	153	328	141	25	40	609	4594	630	56	48	453	1631	435	48	8	66	132	71	13	307	0	101	10000	0	8	13.525
2	20	27	15	1	15	164	384	157	17	54	607	4545	579	59	41	439	1705	425	36	16	60	141	80	7	305	0	99	10000	0	8	13.075
1	27	37	12	6	21	154	341	156	19	40	564	4545	623	42	37	469	1698	447	40	7	67	130	57	15	344	0	101	10000	0	8	12.625
3	24	23	24	2	22	164	348	162	20	39	589	4446	622	38	61	458	1799	401	44	9	63	142	63	10	313	0	111	10000	0	8	12.175
4	17	33	19	5	27	149	366	186	18	51	617	4470	597	48	41	446	1701	452	42	11	65	155	71	11	291	0	107	10000	0	8	11.725
3	19	34	12	3	21	151	352	172	33	45	613	4363	620	59	48	512	1695	444	39	12	80	151	73	9	343	0	94	10000	0	8	11.275
4	19	31	22	0	19	163	340	181	20	50	630	4334	638	54	30	460	1757	459	41	18	70	152	70	4	324	0	110	10000	0	8	10.825
2	18	32	15	3	19	188	365	171	20	41	609	4268	642	48	36	498	1774	474	43	10	61	123	63	22	346	0	109	10000	0	8	10.375
3	20	35	29	2	35	157	367	174	22	60	650	4269	655	39	39	498	1703	472	48	5	77	150	74	9	311	0	97	10000	0	8	9.925
4	26	33	16	5	15	173	392	186	25	42	640	4233	639	57	37	482	1698	462	46	15	76	147	73	7	380	0	91	10000	0	8	9.475
4	28	29	27	2	17	153	388	156	21	36	643	4179	656	53	34	493	1820	477	30	13	79	152	68	14	314	0	114	10000	0	8	9.025
5	23	30	15	5	19	175	368	153	22	47	689	4258	631	45	45	501	1714	460	43	13	75	152	62	8	336	0	106	10000	0	8	8.575
7	18	33	20	2	29	180	383	167	19	47	637	4174	628	49	34	479	1873	441	39	9	87	129	76	9	321	0	110	10000	0	8	8.125
3	13	36	20	3	29	181	368	184	15	44	661	4192	678	38	46	459	1807	435	41	13	76	130	69	8	327	0	124	10000	0	8	7.675
2	19	38	21	5	33	168	371	174	22	58	658	4127	644	50	42	479	1841	459	49	7	69	135	85	20	310	0	114	10000	0	8	7.225
5	23	34	22	2	14	193	404	185	15	49	608	4173	643	52	30	456	1824	481	40	13	73	124	76	9	331	0	121	10000	0	8	6.775
4	9	28	18	3	25	149	349	179	22	45	679	4208	656	47	47	483	1747	455	56	15	81	146	79	8	344	0	118	10000	0	8	6.325
4	23	33	21	1	17	153	349	150	16	53	650	4174	688	39	31	470	1883	442	34	10	61	140	78	17	340	0	123	10000	0	8	5.875
5	27	28	20	7	22	169	417	186	14	52	682	4066	677	48	53	488	1767	450	44	10	67	134	76	10	345	0	136	10000	0	8	5.425
4	20	35	12	3	28	169	389	178	28	44	643	4234	655	51	47	459	1752	481	44	6	78	151	73	7	297	0	112	10000	0	8	4.975
2	23	35	19	2	18	168	372	205	22	49	637	4126	701	43	41	534	1720	483	36	11	83	151	57	9	363	1	89	10000	0	8	4.525
1	28	32	23	5	27	155	374	165	20	49	642	4129	688	48	37	467	1822	480	37	12	68	140	66	14	344	12	115	10000	0	8	4.075
5	13	26	16	5	22	166	352	179	16	58	681	4067	632	51	47	480	1857	439	29	13	65	152	86	13	366	39	125	10000	0	8	3.625
3	18	31	21	1	20	157	378	165	22	43	693	4043	653	51	42	466	1776	462	51	8	70	140	92	7	310	169	108	10000	0	8	3.175
0	22	41	21	7	22	167	401	171	14	52	630	3970	652	55	45	451	1649	494	61	10	69	133	72	10	327	351	103	10000	0	8	2.725
5	18	33	23	4	18	146	346	194	13	36	626	3791	631	46	37	489	1630	466	49	9	59	143	66	8	335	688	91	10000	0	8	2.275
3	20	35	24	1	16	167	343	156	19	35	568	3575	624	57	36	428	1561	406	34	5	69	128	65	11	295	1219	100	10000	0	8	1.825
4	12	36	16	1	17	129	310	142	17	47	567	3233	526	41	30	411	1462	383	33	6	57	113	70	9	289	1926	113	10000	0	8	1.375
4	18	25	21	3	13	141	286	126	19	36	493	2930	500	43	37	331	1330	355	29	7	57	106	54	5	271	2679	81	10000	0	8	0.925
2	8	24	19	4	15	130	260	112	10	39	436	2579	435	41	28	309	1276	304	28	2	48	92	31	9	242	3443	74	10000	0	8	0.475
3	9	19	9	3	14	108	231	99	18	28	384	2240	403	27	24	299	1042	298	24	2	49	93	33	9	227	4235	70	10000	0	8	0.025
2	9	12	14	3	13	74	196	111	10	26	318	1880	329	25	21	241	888	222	25	5	39	75	37	6	171	5199	49	10000	0	8	-0.425
0	8	16	6	1	10	69	155	83	8	26	269	1613	305	18	18	203	802	212	16	4	24	58	34	3	166	5824	49	10000	0	8	-0.875
4	12	13	9	5	14	51	157	65	5	21	239	1416	256	21	13	169	642	194	18	4	26	42	21	1	158	6375	49	10000	0	8	-1.325
2	7	5	3	1	6	45	118	65	10	16	193	1245	200	24	9	161	572	169	16	6	19	48	26	2	125	6873	34	10000	0	8	-1.775
4	7	8	4	0	1	50	107	41	12	12	198	1061	205	10	8	128	474	147	11	0	22	40	14	3	130	7274	29	10000	0	8	-2.225
1	7	15	4	1	3	44	104	29	8	11	155	896	162	16	9	118	507	110	10	1	13	36	14	3	128	7565	30	10000	0	8	-2.675
0	5	8	9	0	2	40	106	47	4	8	129	762	128	11	4	109	347	91	11	1	14	26	16	1	114	7982	25	10000	0	8	-3.125
0	5	3	7	0	0	33	64	37	5	12	115	687	142	7	10	93	312	78	9	0	16	23	11	1	109	8196	25	10000	0	8	-3.575
0	5	8	6	2	0	29	78	31	0	8	105	565	107	5	7	69	318	67	8	0	15	26	8	1	114	8402	16	10000	0	8	-4.025
1	1	6	0	0	5	27	43	26	4	6	72	514	86	7	11	67	239	82	2	1	16	24	14	0	117	8616	13	10000	0	8	-4.475
1	4	3	2	1	1	22	57	14	3	6	85	407	91	7	5	52	233	72	8	2	9	17	12	0	106	8769	11	10000	0	8	-4.925
0	1	4	2	1	2	16	36	16	1	7	75	361	65	5	5	54	215	43	3	1	8	8	8	1	126	8921	15	10000	0	8	-5.375
1	1	3	3	0	2	12	27	25	2	3	61	299	58	8	2	34	163	45	6	2	5	10	6	1	115	9097	9	10000	0	8	-5.825
0	0	2	0	0	3	23	32	14	1	3	58	304	55	3	4	43	143	38	6	0	4	13	4	0	120	9123	4	10000	0	8	-6.275
0	1	0	0	1	1	18	30	10	2	4	45	224	40	2	0	33	135	35	2	0	3	13	5	0	166	9227	3	10000	0	8	-6.725
0	1	3	2	0	0	8	28	10	0	2	38	210	43	6	3	31	109	18	1	0	1	5	4	4	167	9300	6	10000	0	8	-7.175
0	1	1	3	1	1	10	25	18	0	6	38	155	45	3	4	24	100	29	1	0	3	10	7	1	192	9317	5	10000	0	8	-7.625
0	3	0	0	0	1	10	21	7	2	2	25	146	45	0	2	22	77	20	2	0	3	7	4	0	214	9383	4	10000	0	8	-8.075
0	0	1	0	0	0	9	19	6	1	0	22	121	36	1	2	10	60	21	2	0	2	4	3	1	264	9408	7	10000	0	8	-8.525
0	1	1	1	0	1	4	11	5	1	2	14	118	23	4	0	18	59	19	3	0	1	7	6	0	301	9398	2	10000	0	8	-8.975
0	2	1	2	0	1	10	13	6	0	0	17	109	20	3	1	13	46	12	2	0	0	2	4	1	332	9400	3	10000	0	8	-9.425
0	1	0	0	0	0	5	11	6	1	1	21	86	13	4	0	11	47	17	1	0	0	8	1	0	367	9397	2	10000	0	8	-9.875
0	0	0	0	0	1	2	14	6	3	0	11	64	15	0	1	10	38	7	3	0	2	3	3	0	402	9409	6	10000	0	8	-10.325
0	1	2	0	0	0	0	8	3	0	2	13	60	11	2	2	7	35	10	0	0	0	4	1	0	454	9385	0	10000	0	8	-10.775
0	0	0	1	0	0	3	10	5	0	0	10	62	17	0	1	5	32	12	0	0	0	3	4	0	581	9254	0	10000	0	8	-11.225
1	0	1	1	0	0	4	2	2	0	0	12	52	9	0	1	2	26	11	0	0	1	2	1	0	687	9182	3	10000	0	8	-11.675
0	0	0	0	0	0	2	6	1	0	4	7	31	6	0	1	8	23	7	1	0	0	3	1	0	737	9160	2	10000	0	8	-12.125
0	1	0	0	0	0	5	4	6	0	0	6	33	10	1	1	5	18	4	1	0	0	1	1	0	851	9051	1	10000	0	8	-12.575
0	0	0	1	0	0	1	4	5	0	1	4	37	2	0	1	8	19	4	0	1	0	2	1	0	971	8937	1	10000	0	8	-13.025
0	1	0	0	0	0	1	3	2	0	0	8	16	7	0	0	7	11	4	0	0	1	1	1	0	1089	8846	2	10000	0	8	-13.475
0	0	0	0	0	0	0	5	1	1	0	5	22	5	0	0	2	11	3	2	0	0	0	1	0	1309	8633	0	10000	0	8	-13.925
0	0	0	0	0	0	1	2	0	0	0	10	15	5	0	0	2	10	0	1	0	1	0	0	0	1468	8484	1	10000	0	8	-14.375
0	0	0	0	0	0	1	1	3	0	0	6	10	2	0	0	4	13	3	0	0	0	0	1	0	1767	8188	1	10000	0	8	-14.825
0	0	1	0	0	0	1	4	1	0	0	4	16	3	1	0	0	3	3	1	0	0	1	0	0	1960	8001	0	10000	0	8	-15.275
0	0	0	0	1	0	2	4	0	0	0	4	15	1	0	0	0	3	2	1	0	0	0	0	0	2241	7725	1	10000	0	8	-15.725
0	0	2	0	0	0	0	6	0	0	0	0	8	1	1	0	1	6	2	0	0	0	0	1	0	2624	7348	0	10000	0	8	-16.175
0	0	0	0	0	0	0	1	0	0	0	0	13	3	0	0	1	0	3	0	0	0	1	1	0	3067	6910	0	10000	0	8	-16.625
0	0	0	0	0	0	0	1	0	0	0	1	7	2	0	0	0	3	1	0	0	0	0	1	0	3489	6495	0	10000	0	8	-17.075
0	0	0	0	0	0	1	0	0	0	0	1	5	2	0	0	2	4	1	0	0	0	0	0	0	4017	5966	1	10000	0	8	-17.525
0	0	0	0	0	0	0	2	1	0	0	0	4	2	0	0	0	2	0	0	0	0	0	0	1	4566	5422	0	10000	0	8	-17.975
0	0	0	1	0	0	0	0	0	0	0	2	8	0	0	0	1	0	1	0	0	0	0	1	0	5340	4646	0	10000	0	8	-18.425
0	0	0	0	0	0	1	0	0	0	0	1	5	1	0	0	1	1	0	0	0	0	0	0	0	6182	3808	0	10000	0	8	-18.875
0	0	0	0	0	0	0	1	0	0	0	1	2	1	0	0	0	1	0	0	0	0	0	0	0	6926	3068	0	10000	0	8	-19.325
0	0	0	0	0	0	0	0	0	0	0	1	4	1	0	0	1	0	0	1	0	0	0	0	0	7580	2412	0	10000	0	8	-19.775
