100	
2	5	23	23	3	10	110	291	229	31	34	341	3723	989	75	24	312	2054	827	73	5	68	151	112	22	365	0	98	10000	5.5	10.5	24.775
0	14	33	17	5	6	70	304	180	34	31	329	3582	1006	93	28	310	2268	755	72	6	59	174	127	12	367	0	118	10000	5.5	10.5	24.325
1	15	24	25	3	10	105	262	198	29	32	379	3592	1008	83	27	328	2164	800	67	7	73	152	99	23	395	0	99	10000	5.5	10.5	23.875
3	17	32	23	8	16	107	271	202	49	25	338	3574	1028	66	29	347	2162	830	67	6	66	158	112	9	352	0	103	10000	5.5	10.5	23.425
2	5	33	30	4	19	101	286	211	19	28	335	3648	983	87	16	291	2144	820	77	8	51	178	132	18	356	0	118	10000	5.5	10.5	22.975
2	16	21	17	6	14	90	289	185	17	33	379	3614	1064	84	27	303	2089	773	83	8	64	192	113	23	374	0	120	10000	5.5	10.5	22.525
0	14	21	18	2	15	95	312	198	29	29	339	3648	1022	68	27	359	2134	770	86	3	49	169	118	19	338	0	118	10000	5.5	10.5	22.075
1	18	30	26	2	7	103	285	194	32	39	353	3532	1016	84	26	367	2152	816	78	5	47	166	123	20	363	0	115	10000	5.5	10.5	21.625
5	13	30	20	5	17	98	305	192	47	28	370	3552	1051	75	23	334	2116	790	66	9	55	171	117	19	371	0	121	10000	5.5	10.5	21.175
1	14	26	26	1	11	99	327	209	30	27	326	3646	987	72	27	310	2159	817	59	5	42	170	111	23	366	0	109	10000	5.5	10.5	20.725
1	10	26	24	5	11	92	295	199	22	30	377	3623	1006	93	29	299	2161	803	82	4	71	167	103	13	344	0	110	10000	5.5	10.5	20.275
5	17	30	28	6	14	89	255	202	32	29	403	3605	966	82	41	300	2135	790	66	8	59	185	124	20	394	0	115	10000	5.5	10.5	19.825
3	12	26	22	8	12	116	281	210	24	30	338	3596	1046	81	23	317	2162	790	70	5	66	164	121	6	380	0	91	10000	5.5	10.5	19.375
1	16	23	23	3	5	116	319	215	29	27	365	3480	1028	70	26	307	2140	846	74	9	55	167	105	19	402	0	130	10000	5.5	10.5	18.925
1	13	28	32	0	10	113	296	213	38	32	350	3546	1012	87	26	313	2164	815	59	8	55	181	92	24	394	0	98	10000	5.5	10.5	18.475
3	11	26	24	2	14	87	310	189	31	27	369	3527	1051	68	23	318	2168	808	91	13	56	158	101	18	394	0	113	10000	5.5	10.5	18.025
2	16	29	29	2	7	95	321	190	24	24	351	3538	999	91	29	357	2199	793	69	7	63	161	93	20	388	0	103	10000	5.5	10.5	17.575
6	11	38	36	4	17	106	307	209	25	28	363	3445	1082	65	35	330	2171	804	66	8	47	175	115	16	375	0	116	10000	5.5	10.5	17.125
1	7	36	22	1	10	120	334	191	37	30	392	3519	996	69	25	313	2207	794	59	8	54	164	114	17	371	0	109	10000	5.5	10.5	16.675
2	18	28	24	3	12	108	292	243	25	20	382	3464	1052	86	27	342	2160	809	71	4	65	176	112	17	356	0	102	10000	5.5	10.5	16.225
0	11	28	22	8	16	95	288	212	29	18	382	3419	1103	73	28	349	2137	841	69	4	69	179	107	12	391	0	110	10000	5.5	10.5	15.775
3	20	25	27	5	11	99	306	203	39	31	378	3388	1021	95	27	394	2144	837	58	16	54	167	113	18	385	0	136	10000	5.5	10.5	15.325
1	17	28	22	4	10	98	309	208	33	27	401	3342	1106	84	29	318	2186	821	70	6	61	180	117	22	388	0	112	10000	5.5	10.5	14.875
1	8	36	21	8	16	94	305	211	30	25	380	3476	1065	65	32	337	2141	788	59	8	73	169	123	11	400	0	118	10000	5.5	10.5	14.425
0	11	28	21	3	16	122	323	238	40	32	394	3344	1009	94	31	327	2209	818	74	9	56	184	104	11	398	0	104	10000	5.5	10.5	13.975
3	12	33	19	5	16	100	301	212	28	27	415	3458	1071	85	28	320	2120	794	81	2	55	185	103	13	376	0	138	10000	5.5	10.5	13.525
4	19	24	26	3	6	124	302	190	39	22	440	3381	1075	79	23	336	2142	841	79	8	63	155	119	8	379	0	113	10000	5.5	10.5	13.075
1	13	30	18	5	17	95	348	233	31	36	392	3310	1055	75	26	343	2222	838	72	13	52	152	102	19	389	0	113	10000	5.5	10.5	12.625
3	16	27	30	7	12	92	322	190	36	39	377	3389	1101	95	30	327	2135	816	65	16	55	180	108	14	408	0	110	10000	5.5	10.5	12.175
1	17	30	23	6	10	105	280	214	34	29	426	3313	1036	78	35	333	2229	800	77	4	40	179	109	12	444	0	136	10000	5.5	10.5	11.725
1	14	24	30	4	6	95	367	214	30	36	379	3347	1101	77	26	366	2095	813	72	16	68	168	135	13	382	0	121	10000	5.5	10.5	11.275
1	20	21	24	9	12	110	312	200	30	38	400	3305	1066	89	26	334	2193	824	78	9	54	200	113	16	403	0	113	10000	5.5	10.5	10.825
2	13	25	20	5	14	104	307	221	26	33	406	3397	997	83	33	338	2150	855	72	12	54	203	116	14	368	0	132	10000	5.5	10.5	10.375
3	10	35	22	9	8	106	313	197	33	38	389	3229	1117	87	23	363	2202	786	73	5	74	178	116	19	408	0	157	10000	5.5	10.5	9.925
2	19	26	18	7	14	105	340	216	25	36	405	3311	1034	86	23	321	2196	856	78	7	61	168	113	17	401	0	115	10000	5.5	10.5	9.475
1	11	31	31	5	16	140	340	219	31	40	406	3241	1107	83	22	313	2121	835	83	5	76	182	120	17	396	0	128	10000	5.5	10.5	9.025
1	15	26	26	4	10	128	342	213	39	45	404	3193	1062	92	33	336	2238	852	62	5	71	178	108	20	400	0	97	10000	5.5	10.5	8.575
0	15	24	24	1	18	109	297	245	37	32	425	3270	1087	73	33	358	2175	797	77	8	69	180	115	15	386	0	130	10000	5.5	10.5	8.125
4	10	38	26	6	19	134	329	214	29	23	370	3278	1126	96	26	342	2095	855	73	9	51	186	109	24	421	0	107	10000	5.5	10.5	7.675
2	15	29	28	6	16	137	327	213	40	38	408	3368	1012	79	24	368	2155	788	78	8	56	175	109	20	373	0	128	10000	5.5	10.5	7.225
5	13	20	30	7	12	122	356	230	32	25	375	3328	1072	95	21	339	2150	827	55	13	73	157	108	19	409	0	107	10000	5.5	10.5	6.775
2	10	23	17	8	9	113	339	219	42	27	402	3289	1064	89	17	320	2195	818	86	7	60	169	122	16	415	0	122	10000	5.5	10.5	6.325
5	12	26	28	3	13	107	349	228	44	35	407	3241	1125	82	27	341	2140	856	63	4	67	169	108	14	394	0	112	10000	5.5	10.5	5.875
2	23	27	37	1	13	110	348	206	32	32	391	3215	1066	79	32	336	2230	865	66	5	58	185	125	22	384	0	110	10000	5.5	10.5	5.425
7	22	31	28	7	12	104	352	207	49	32	384	3261	1059	72	21	347	2125	847	88	6	69	170	131	15	418	0	136	10000	5.5	10.5	4.975
4	12	30	26	5	10	102	323	217	28	35	431	3305	1107	85	48	368	2071	863	71	6	69	150	126	20	378	1	109	10000	5.5	10.5	4.525
4	21	31	22	7	17	113	315	225	32	29	432	3270	1133	74	34	355	2137	814	78	9	63	168	99	15	393	10	100	10000	5.5	10.5	4.075
1	18	28	22	5	13	107	340	223	36	38	391	3156	1092	72	31	334	2205	815	88	9	80	178	114	25	402	64	113	10000	5.5	10.5	3.625
0	17	20	24	4	13	96	321	219	30	37	424	3156	1094	67	29	313	2136	830	81	9	76	180	118	15	392	164	135	10000	5.5	10.5	3.175
4	14	25	25	6	7	104	329	208	25	27	404	3089	1054	88	32	329	2075	831	49	11	52	174	121	21	398	375	123	10000	5.5	10.5	2.725
1	12	25	18	6	10	92	332	205	29	29	416	2933	995	72	27	324	2006	769	50	8	74	160	110	18	386	777	116	10000	5.5	10.5	2.275
4	13	29	18	7	7	92	338	175	26	35	356	2840	924	78	30	329	1863	696	87	5	54	166	117	17	345	1253	96	10000	5.5	10.5	1.825
5	12	28	24	6	16	92	259	175	31	28	358	2541	860	64	23	302	1759	705	51	3	48	140	95	8	364	1915	88	10000	5.5	10.5	1.375
2	11	31	20	1	9	78	261	147	18	19	337	2353	805	56	26	286	1528	648	54	7	48	139	106	8	298	2612	92	10000	5.5	10.5	0.925
2	12	17	16	1	10	76	212	132	24	23	233	2051	696	42	12	244	1459	564	66	6	47	119	89	13	271	3477	86	10000	5.5	10.5	0.475
1	12	14	12	4	9	57	196	119	27	31	215	1776	637	52	20	207	1237	481	40	4	38	106	62	8	255	4296	84	10000	5.5	10.5	0.025
0	4	13	13	3	4	49	156	105	25	17	180	1452	511	38	18	178	1085	392	33	2	32	95	67	10	220	5229	69	10000	5.5	10.5	-0.425
1	5	9	9	1	7	37	158	105	16	13	171	1291	427	34	14	133	927	329	34	4	31	67	50	8	174	5887	58	10000	5.5	10.5	-0.875
1	3	8	10	1	5	47	134	77	11	11	133	1147	377	25	10	134	758	314	20	5	19	56	45	7	159	6442	41	10000	5.5	10.5	-1.325
0	5	10	7	3	9	38	98	63	14	11	118	978	312	26	12	120	663	258	28	2	18	52	40	6	162	6911	36	10000	5.5	10.5	-1.775
0	3	11	5	3	5	24	92	54	12	13	105	820	296	28	6	91	599	254	22	1	22	50	32	6	136	7285	25	10000	5.5	10.5	-2.225
0	2	7	7	2	3	32	86	53	9	7	101	733	268	19	7	115	466	200	17	0	19	39	19	4	147	7608	30	10000	5.5	10.5	-2.675
2	3	8	6	2	2	19	64	48	3	5	95	671	241	27	4	57	453	178	16	1	10	37	27	4	127	7864	26	10000	5.5	10.5	-3.125
0	2	7	3	3	5	25	54	54	4	5	86	536	207	22	6	57	386	152	14	1	10	28	25	1	116	8170	21	10000	5.5	10.5	-3.575
1	3	3	2	3	1	22	56	38	5	5	64	432	180	14	2	53	346	127	6	3	12	24	18	1	113	8446	20	10000	5.5	10.5	-4.025
0	1	5	4	2	2	13	52	34	2	3	50	408	136	14	7	41	287	123	10	1	5	20	24	4	130	8608	14	10000	5.5	10.5	-4.475
0	3	3	4	2	3	17	49	22	4	0	55	311	122	7	2	41	236	101	13	0	3	17	14	3	116	8841	11	10000	5.5	10.5	-4.925
0	3	4	0	0	2	11	33	21	12	4	45	242	115	6	1	35	222	74	13	0	7	18	16	1	118	8984	13	10000	5.5	10.5	-5.375
1	2	3	2	0	2	16	35	24	2	3	36	288	112	6	2	28	192	75	7	0	8	15	9	0	129	8991	12	10000	5.5	10.5	-5.825
0	1	1	3	0	2	14	35	10	1	5	26	214	92	9	3	28	150	74	9	2	2	19	11	3	129	9152	5	10000	5.5	10.5	-6.275
1	0	1	2	1	0	8	19	27	3	5	37	184	75	2	2	23	135	65	8	0	6	13	8	0	184	9189	2	10000	5.5	10.5	-6.725
0	1	2	1	0	0	4	16	12	3	5	20	147	62	3	4	15	119	45	9	1	6	13	11	0	179	9313	9	10000	5.5	10.5	-7.175
0	1	1	3	1	0	6	10	13	1	1	20	144	54	3	0	23	106	44	4	0	1	14	6	1	188	9352	3	10000	5.5	10.5	-7.625
0	0	0	1	0	2	4	16	13	1	0	15	99	55	2	1	11	80	37	3	1	3	9	9	1	227	9407	3	10000	5.5	10.5	-8.075
0	3	0	1	0	2	4	17	8	0	0	14	93	36	0	1	12	68	38	2	0	8	4	2	2	235	9442	8	10000	5.5	10.5	-8.525
0	1	1	1	1	2	5	15	11	1	0	21	82	37	8	1	7	63	30	4	0	3	5	5	1	295	9397	3	10000	5.5	10.5	-8.975
0	1	2	1	0	0	4	13	6	1	1	17	69	30	1	1	16	54	27	4	0	1	4	4	0	332	9404	7	10000	5.5	10.5	-9.425
0	0	0	0	0	2	3	3	7	3	0	8	62	21	1	0	3	48	18	0	0	2	6	1	0	345	9462	5	10000	5.5	10.5	-9.875
0	0	0	0	0	0	3	7	5	0	0	6	62	27	2	0	6	40	22	0	0	1	2	4	0	399	9411	3	10000	5.5	10.5	-10.325
0	0	1	0	0	0	0	5	6	1	0	5	50	16	1	4	6	41	14	1	0	0	5	1	0	471	9372	0	10000	5.5	10.5	-10.775
0	2	1	0	0	1	1	5	2	0	1	7	45	20	0	0	6	31	15	2	0	4	1	2	3	583	9267	1	10000	5.5	10.5	-11.225
0	0	0	1	0	0	5	5	1	0	1	3	42	17	4	0	5	30	19	4	0	4	1	2	1	644	9207	4	10000	5.5	10.5	-11.675
0	1	1	0	0	1	4	7	5	0	2	4	37	10	0	0	2	23	9	1	0	1	3	2	1	716	9169	1	10000	5.5	10.5	-12.125
0	0	0	1	0	0	0	3	1	0	0	3	23	8	0	0	3	15	9	2	0	2	1	2	1	812	9113	1	10000	5.5	10.5	-12.575
0	0	1	0	0	0	2	2	4	1	0	1	27	12	0	0	2	26	8	0	0	1	5	3	0	958	8947	0	10000	5.5	10.5	-13.025
0	0	0	0	0	0	1	1	2	0	0	5	20	11	0	1	5	15	9	1	0	0	1	0	0	1139	8789	0	10000	5.5	10.5	-13.475
0	0	0	0	0	0	1	1	2	0	0	2	14	12	0	1	2	23	4	1	1	0	1	1	0	1261	8672	1	10000	5.5	10.5	-13.925
0	0	0	0	0	0	1	1	2	0	0	2	19	9	0	0	1	7	8	0	0	0	2	0	1	1505	8441	1	10000	5.5	10.5	-14.375
0	0	0	0	0	0	0	1	1	0	0	4	12	11	2	0	5	8	3	0	1	0	0	2	0	1721	8228	1	10000	5.5	10.5	-14.825
0	0	0	0	0	0	0	1	3	0	0	2	13	3	1	0	4	6	4	1	0	0	0	1	0	1987	7974	0	10000	5.5	10.5	-15.275
0	0	0	0	0	0	1	0	2	0	1	2	6	5	2	0	1	10	3	1	0	0	1	0	0	2218	7747	0	10000	5.5	10.5	-15.725
0	0	0	1	0	0	1	0	1	0	0	1	9	6	0	0	1	9	3	0	0	1	2	0	0	2590	7375	0	10000	5.5	10.5	-16.175
0	0	0	0	0	0	1	0	1	0	0	1	12	1	2	0	1	5	2	0	0	0	0	1	0	3003	6969	1	10000	5.5	10.5	-16.625
0	0	0	0	0	1	1	0	0	0	0	1	8	4	0	0	1	1	4	0	0	0	0	0	0	3449	6530	0	10000	5.5	10.5	-17.075
0	0	0	0	0	0	0	1	1	0	0	0	1	2	0	0	1	3	1	0	0	0	0	0	0	3982	6008	0	10000	5.5	10.5	-17.525
0	0	0	0	0	0	0	0	1	0	0	0	5	4	0	0	0	3	0	0	0	1	1	0	0	4559	5425	1	10000	5.5	10.5	-17.975
0	0	0	0	0	0	0	1	0	0	0	0	0	2	0	0	0	0	2	0	0	0	0	0	0	5435	4560	0	10000	5.5	10.5	-18.425
0	0	0	0	0	0	0	0	0	0	0	0	3	0	1	0	0	2	0	1	0	0	0	0	0	6161	3832	0	10000	5.5	10.5	-18.875
0	0	0	0	0	0	0	0	0	0	1	0	1	2	0	0	0	1	1	0	0	0	0	0	0	7002	2992	0	10000	5.5	10.5	-19.325
0	0	0	0	0	0	0	0	0	0	0	0	2	0	0	0	0	2	0	1	0	0	1	0	0	7671	2323	0	10000	5.5	10.5	-19.775
