100	
1	12	32	16	4	17	92	275	178	38	31	368	3089	905	59	33	344	2566	900	79	4	97	196	147	16	391	0	110	10000	5	12.5	24.775
0	9	24	22	3	14	106	271	170	28	33	397	3074	902	87	23	363	2648	843	85	7	66	178	136	20	373	0	118	10000	5	12.5	24.325
1	14	24	11	6	13	85	278	175	33	31	371	3107	899	58	30	351	2628	828	84	4	65	189	145	21	430	0	119	10000	5	12.5	23.875
4	14	21	18	2	13	105	258	171	27	29	366	3030	999	71	23	359	2679	783	71	2	80	180	128	20	426	0	121	10000	5	12.5	23.425
3	15	23	17	5	17	89	240	199	31	33	371	3060	865	79	25	391	2711	863	62	4	58	193	129	15	388	0	114	10000	5	12.5	22.975
2	17	20	19	5	21	101	283	175	21	39	378	3004	927	63	30	379	2680	859	90	10	75	165	125	16	377	0	119	10000	5	12.5	22.525
3	12	22	28	7	16	97	273	169	25	31	333	3051	918	74	28	388	2603	898	82	12	70	203	133	20	390	0	114	10000	5	12.5	22.075
0	9	26	16	6	12	89	278	168	29	27	354	3086	966	101	32	361	2647	811	83	5	69	200	128	21	370	0	106	10000	5	12.5	21.625
2	20	30	19	2	13	100	294	175	35	23	383	3044	935	77	21	397	2626	870	68	8	72	187	106	18	384	0	91	10000	5	12.5	21.175
1	6	39	14	7	14	100	259	177	21	19	357	3079	972	66	22	355	2721	821	76	4	82	159	109	15	386	0	119	10000	5	12.5	20.725
0	17	17	18	1	15	86	269	195	21	27	368	3046	935	67	27	376	2618	874	79	12	68	197	134	27	394	0	112	10000	5	12.5	20.275
1	11	25	16	7	12	89	269	192	34	26	395	3104	907	83	34	366	2649	815	83	6	59	198	122	17	373	0	107	10000	5	12.5	19.825
2	9	28	18	3	12	78	268	183	33	33	359	3084	983	95	22	382	2576	808	68	13	63	186	139	21	431	0	103	10000	5	12.5	19.375
1	18	22	20	3	15	88	274	187	30	38	354	3081	918	75	24	353	2653	841	71	8	58	188	140	17	394	0	129	10000	5	12.5	18.925
4	12	32	9	3	14	96	229	181	22	34	369	2992	961	77	18	347	2721	858	90	7	82	183	150	18	395	0	96	10000	5	12.5	18.475
4	13	24	20	1	13	103	249	176	28	27	413	3026	932	72	22	366	2639	874	72	7	65	192	118	25	411	0	108	10000	5	12.5	18.025
4	12	21	13	4	19	99	238	177	31	37	336	3033	955	78	39	375	2649	838	77	11	68	196	107	27	426	0	130	10000	5	12.5	17.575
5	14	33	17	4	14	100	299	169	29	25	389	3047	936	61	28	358	2669	799	72	12	61	200	112	20	416	0	111	10000	5	12.5	17.125
3	9	27	26	9	17	80	270	176	31	26	411	3020	934	74	34	344	2645	834	74	9	84	191	126	22	414	0	110	10000	5	12.5	16.675
2	7	25	16	3	17	89	283	172	33	26	370	3017	911	72	26	382	2668	851	80	6	46	198	149	12	408	0	131	10000	5	12.5	16.225
6	9	29	27	7	15	88	264	186	29	38	362	3076	926	59	32	383	2616	843	72	8	58	202	113	18	406	0	128	10000	5	12.5	15.775
2	10	24	17	2	19	115	263	184	30	43	398	2964	988	76	24	364	2640	853	75	11	55	207	134	25	373	0	104	10000	5	12.5	15.325
1	13	34	19	1	14	81	248	203	24	38	381	2950	959	98	33	376	2556	890	86	10	85	213	133	14	421	0	119	10000	5	12.5	14.875
2	8	30	26	1	8	106	272	176	22	35	399	2962	941	80	33	368	2600	867	78	8	74	204	136	17	427	0	120	10000	5	12.5	14.425
4	7	21	19	4	12	110	286	191	31	37	418	2888	946	88	31	382	2604	897	77	5	64	185	132	14	437	0	110	10000	5	12.5	13.975
1	13	20	20	3	14	101	312	212	31	29	397	2898	981	73	36	363	2600	883	74	4	69	190	119	20	430	0	107	10000	5	12.5	13.525
2	19	32	14	4	13	112	275	192	39	33	412	2918	908	85	28	362	2613	885	63	8	83	203	123	21	432	0	121	10000	5	12.5	13.075
1	13	21	11	1	13	101	247	187	34	25	402	2939	977	76	38	380	2625	902	73	3	69	181	144	16	421	0	100	10000	5	12.5	12.625
4	12	25	27	2	9	107	288	183	26	27	391	2934	949	76	32	397	2560	886	70	9	76	211	161	22	380	0	136	10000	5	12.5	12.175
1	15	28	24	3	13	109	268	166	25	22	405	2959	965	69	43	378	2620	856	78	13	73	190	137	12	417	0	111	10000	5	12.5	11.725
2	16	35	23	2	12	114	278	163	30	21	398	2862	973	65	20	399	2655	878	85	8	68	207	145	29	376	0	136	10000	5	12.5	11.275
1	14	28	19	1	18	102	278	205	24	28	411	2899	993	87	25	395	2536	855	86	13	72	224	140	18	414	0	114	10000	5	12.5	10.825
1	10	27	18	3	19	113	299	156	26	33	421	2959	954	71	38	407	2521	860	78	13	82	217	123	15	426	0	110	10000	5	12.5	10.375
2	14	29	21	5	12	111	284	180	35	30	415	2917	973	65	32	424	2627	822	70	5	68	211	136	13	401	0	98	10000	5	12.5	9.925
2	14	30	18	5	17	99	289	170	25	34	376	2872	1005	73	28	376	2575	892	79	10	88	244	142	10	415	0	112	10000	5	12.5	9.475
4	11	32	32	4	6	106	285	179	30	44	363	2933	969	72	26	364	2615	861	70	7	76	217	124	26	442	0	102	10000	5	12.5	9.025
1	13	22	18	5	15	107	295	205	32	35	423	2891	963	81	37	362	2586	854	74	8	65	209	126	25	435	0	113	10000	5	12.5	8.575
3	10	27	24	3	13	119	308	183	31	32	401	2854	965	75	26	422	2525	902	77	9	78	247	111	18	434	0	103	10000	5	12.5	8.125
0	9	31	18	3	8	111	323	184	28	32	412	2985	980	64	31	393	2518	841	84	7	74	207	146	22	368	0	121	10000	5	12.5	7.675
0	16	26	16	6	13	108	280	220	30	30	412	2885	941	75	40	371	2641	906	75	4	57	206	130	17	380	0	115	10000	5	12.5	7.225
3	15	26	21	6	10	94	263	212	22	37	404	2904	979	86	37	372	2553	895	82	7	61	191	129	12	457	0	122	10000	5	12.5	6.775
3	11	23	15	5	19	99	312	180	22	38	388	2855	1021	86	38	373	2588	873	74	4	71	224	123	14	417	0	124	10000	5	12.5	6.325
3	14	20	18	8	17	104	311	188	36	39	411	2901	925	79	19	398	2508	907	78	10	73	221	130	20	415	0	147	10000	5	12.5	5.875
3	11	24	16	5	8	99	303	189	20	29	423	2904	1005	97	32	426	2487	876	74	9	86	198	122	23	419	0	112	10000	5	12.5	5.425
4	16	27	20	6	12	88	281	164	32	38	409	2870	993	91	23	379	2550	916	70	12	76	215	155	18	418	0	117	10000	5	12.5	4.975
1	11	24	14	3	10	113	279	173	26	25	392	2813	1011	103	20	412	2575	909	77	3	81	219	132	16	443	1	114	10000	5	12.5	4.525
3	14	30	19	4	15	102	253	193	29	38	407	2871	1028	96	29	357	2538	899	72	10	66	192	129	23	432	14	137	10000	5	12.5	4.075
2	13	21	17	3	8	90	286	163	24	32	425	2837	951	75	37	416	2590	906	69	8	75	185	132	22	421	58	134	10000	5	12.5	3.625
3	11	35	21	5	14	109	308	176	24	28	384	2767	980	69	27	371	2524	857	72	8	84	196	148	19	464	179	117	10000	5	12.5	3.175
4	12	22	18	3	14	109	295	182	27	31	412	2761	904	82	42	369	2427	863	81	7	79	198	117	16	404	395	126	10000	5	12.5	2.725
0	12	15	16	2	14	95	276	176	32	25	365	2668	950	81	31	359	2319	857	66	13	61	200	99	19	415	715	119	10000	5	12.5	2.275
2	9	24	15	5	14	91	255	148	23	26	364	2531	870	81	28	313	2227	834	72	4	64	160	127	18	367	1239	89	10000	5	12.5	1.825
3	5	20	20	1	8	76	271	161	27	27	301	2340	813	62	23	356	2031	723	61	7	59	169	114	20	367	1846	89	10000	5	12.5	1.375
1	14	24	18	4	11	80	227	137	18	27	297	2092	713	58	20	298	1874	663	43	5	57	159	96	14	321	2642	87	10000	5	12.5	0.925
2	19	15	12	6	4	72	177	123	14	18	260	1902	694	48	23	265	1622	576	50	4	51	144	79	10	270	3468	72	10000	5	12.5	0.475
1	5	13	17	4	9	54	176	102	22	16	234	1575	548	50	21	224	1508	480	40	3	50	136	67	11	249	4321	64	10000	5	12.5	0.025
1	5	10	11	1	5	40	147	84	19	8	206	1318	475	41	15	197	1165	429	38	2	35	117	58	18	202	5296	57	10000	5	12.5	-0.425
2	5	16	12	2	10	49	128	81	15	14	168	1132	424	38	8	152	1073	398	27	1	38	88	60	9	208	5788	54	10000	5	12.5	-0.875
2	8	5	12	1	4	42	93	56	11	7	142	1048	348	26	13	169	934	291	19	3	26	65	67	4	180	6383	41	10000	5	12.5	-1.325
0	2	8	5	0	3	37	100	54	8	8	133	871	315	29	9	141	766	291	31	2	16	55	46	10	179	6847	34	10000	5	12.5	-1.775
0	8	7	5	2	7	24	81	58	6	9	105	782	258	25	6	98	654	254	19	1	27	57	39	4	141	7283	40	10000	5	12.5	-2.225
0	2	5	3	0	3	24	79	34	6	2	78	681	213	22	6	121	603	223	24	1	14	45	26	7	148	7600	30	10000	5	12.5	-2.675
0	3	3	7	1	5	28	69	33	9	9	83	554	200	26	5	90	546	184	16	0	12	43	27	5	134	7882	26	10000	5	12.5	-3.125
0	4	7	6	1	2	19	40	28	5	12	63	473	175	17	5	75	443	158	15	1	18	35	32	3	135	8209	19	10000	5	12.5	-3.575
0	1	3	3	2	2	20	41	39	3	5	56	421	175	18	6	51	428	126	11	1	11	38	21	6	115	8374	23	10000	5	12.5	-4.025
0	1	5	2	0	1	14	36	25	3	7	47	376	133	15	6	40	363	110	12	2	9	34	15	2	124	8610	8	10000	5	12.5	-4.475
0	1	3	3	0	3	10	34	17	5	0	63	324	133	10	3	42	286	106	9	1	5	29	25	4	121	8747	16	10000	5	12.5	-4.925
1	1	3	2	2	4	10	31	20	4	2	45	267	91	4	2	40	235	99	11	0	5	20	10	1	122	8949	19	10000	5	12.5	-5.375
0	1	3	2	0	1	5	26	18	4	0	36	220	79	10	1	40	194	76	7	1	8	19	11	1	128	9099	10	10000	5	12.5	-5.825
0	0	2	5	0	2	7	15	22	3	0	25	198	83	8	1	31	187	75	3	0	4	23	10	2	158	9129	7	10000	5	12.5	-6.275
1	0	3	0	1	1	16	19	8	1	1	20	158	66	3	0	24	164	70	6	0	4	12	12	1	153	9253	3	10000	5	12.5	-6.725
1	1	2	1	0	0	6	15	15	3	2	19	169	62	7	1	17	130	47	7	0	4	15	10	1	165	9295	5	10000	5	12.5	-7.175
0	0	0	1	1	0	8	17	13	2	5	16	127	39	7	0	13	105	54	4	2	2	11	10	1	214	9341	7	10000	5	12.5	-7.625
0	0	5	1	0	0	2	12	3	1	4	14	99	41	1	0	17	111	40	2	0	1	14	4	1	211	9409	7	10000	5	12.5	-8.075
1	0	1	0	1	0	3	11	6	3	0	7	84	36	2	1	16	96	33	2	0	5	6	4	2	249	9430	1	10000	5	12.5	-8.525
0	0	0	0	0	0	0	6	6	2	2	13	104	34	1	1	13	75	30	1	0	4	6	4	1	289	9405	3	10000	5	12.5	-8.975
0	0	0	1	0	0	2	5	4	2	0	7	87	32	2	1	11	68	12	5	0	1	10	5	1	308	9432	4	10000	5	12.5	-9.425
1	0	1	0	0	0	2	4	6	1	0	12	58	32	4	2	8	59	36	1	1	1	5	3	1	387	9373	2	10000	5	12.5	-9.875
0	0	1	0	0	0	0	7	2	1	1	4	64	21	3	3	10	48	18	2	0	0	1	2	1	431	9378	2	10000	5	12.5	-10.325
0	0	1	0	2	0	2	7	1	1	1	7	44	18	2	1	7	40	15	1	0	2	8	4	1	471	9361	3	10000	5	12.5	-10.775
0	2	0	0	0	0	1	1	2	2	2	5	34	14	4	2	4	43	18	2	0	1	1	3	0	555	9303	1	10000	5	12.5	-11.225
0	0	0	0	0	0	1	4	4	1	0	8	37	10	2	1	7	27	12	2	0	2	3	4	1	670	9203	1	10000	5	12.5	-11.675
0	0	1	0	0	0	1	2	1	0	0	6	45	15	1	1	6	24	12	0	0	1	3	1	0	794	9085	1	10000	5	12.5	-12.125
0	1	2	1	0	1	0	5	1	0	0	4	19	9	0	0	6	25	6	2	0	1	1	0	0	850	9062	4	10000	5	12.5	-12.575
0	0	0	0	0	1	0	2	0	1	0	4	23	10	0	0	2	20	7	0	0	2	3	1	0	971	8952	1	10000	5	12.5	-13.025
0	0	0	0	0	0	0	8	2	1	0	2	24	9	2	0	5	21	11	2	0	1	3	1	0	1100	8806	2	10000	5	12.5	-13.475
0	0	1	1	0	0	1	0	2	1	0	1	19	7	1	1	2	15	11	0	0	0	1	0	0	1388	8548	0	10000	5	12.5	-13.925
0	0	0	0	0	0	0	1	0	0	0	2	16	5	1	0	3	9	5	0	0	0	1	1	0	1430	8526	0	10000	5	12.5	-14.375
0	0	0	0	0	0	0	2	0	1	0	1	10	6	0	0	1	10	6	0	0	0	0	1	0	1748	8214	0	10000	5	12.5	-14.825
0	0	0	0	0	0	1	1	0	0	0	0	8	8	1	0	3	11	2	0	1	0	2	0	0	1997	7965	0	10000	5	12.5	-15.275
0	0	0	0	1	0	1	1	1	0	0	2	7	5	1	0	3	8	5	0	0	0	2	1	1	2250	7711	0	10000	5	12.5	-15.725
0	0	0	0	0	0	0	0	0	0	0	0	14	4	0	0	3	6	2	0	0	0	1	1	0	2603	7365	1	10000	5	12.5	-16.175
0	0	0	0	0	0	0	0	0	0	1	1	11	2	0	0	1	6	4	1	0	0	1	0	0	3029	6943	0	10000	5	12.5	-16.625
0	0	0	1	0	0	1	0	0	0	0	0	8	4	1	0	0	6	1	0	0	0	0	0	1	3466	6511	0	10000	5	12.5	-17.075
0	0	0	0	0	0	1	0	0	0	0	0	2	3	0	0	0	5	1	0	0	0	0	0	0	3962	6025	1	10000	5	12.5	-17.525
0	0	0	0	0	0	0	0	0	0	0	1	2	4	0	0	0	5	1	0	0	0	0	0	0	4623	5364	0	10000	5	12.5	-17.975
0	0	0	0	0	0	0	0	2	0	0	0	4	0	1	0	0	1	2	0	0	0	0	0	0	5353	4637	0	10000	5	12.5	-18.425
0	0	0	0	0	0	0	0	1	0	0	1	2	2	1	0	0	1	0	0	0	0	0	0	0	6221	3771	0	10000	5	12.5	-18.875
0	0	0	0	0	0	0	1	0	0	0	0	3	0	0	0	0	1	0	0	0	0	0	0	0	6976	3019	0	10000	5	12.5	-19.325
0	0	0	0	0	0	0	0	0	0	0	0	1	1	0	0	0	0	0	0	0	0	0	0	0	7726	2272	0	10000	5	12.5	-19.775
