100	
3	16	21	19	8	15	97	266	202	32	26	343	2899	1250	87	20	279	2371	1025	88	8	53	191	140	23	419	0	99	10000	7.5	12	24.775
2	9	27	21	2	5	114	295	207	29	26	339	2828	1247	109	22	328	2353	1035	78	6	59	173	134	17	432	0	103	10000	7.5	12	24.325
0	15	21	18	1	15	89	283	222	32	28	347	2825	1233	102	29	321	2390	1001	81	6	60	208	139	19	413	0	102	10000	7.5	12	23.875
0	10	32	18	6	13	83	280	239	36	22	290	2878	1212	93	21	285	2389	1004	87	5	58	205	134	21	462	0	117	10000	7.5	12	23.425
2	11	19	25	4	9	81	305	230	34	23	300	2886	1192	85	27	271	2347	1047	83	13	61	215	144	22	437	0	127	10000	7.5	12	22.975
2	12	26	31	2	8	95	307	194	40	21	323	2829	1218	112	33	297	2371	1021	86	1	64	201	144	20	420	0	122	10000	7.5	12	22.525
1	10	28	30	4	13	97	286	216	34	24	329	2867	1169	109	21	268	2368	1074	93	7	42	205	149	26	408	0	122	10000	7.5	12	22.075
2	12	36	27	7	8	82	261	213	35	25	318	2883	1273	95	20	291	2253	1043	95	14	65	202	133	15	483	0	109	10000	7.5	12	21.625
2	13	28	29	1	14	75	265	223	27	28	324	2813	1210	105	21	308	2405	1050	94	6	45	206	153	20	429	0	106	10000	7.5	12	21.175
3	9	26	22	6	11	84	295	230	28	19	336	2898	1177	103	22	286	2352	1089	82	3	52	200	144	24	384	0	115	10000	7.5	12	20.725
2	18	28	24	6	6	99	266	210	30	25	324	2874	1148	95	25	270	2401	1086	84	7	55	215	138	25	419	0	120	10000	7.5	12	20.275
1	11	31	20	7	11	80	289	217	30	21	335	2971	1198	80	24	285	2357	988	70	7	57	201	153	17	420	0	119	10000	7.5	12	19.825
1	7	27	15	5	15	91	291	228	34	25	317	2807	1202	102	21	326	2381	1016	85	4	68	192	166	21	441	0	112	10000	7.5	12	19.375
2	13	23	21	5	9	88	285	219	32	27	294	2880	1215	96	16	295	2424	994	79	6	60	188	172	19	420	0	118	10000	7.5	12	18.925
2	8	25	28	3	9	90	308	226	35	20	321	2945	1132	98	24	320	2349	992	75	7	54	203	135	18	454	0	119	10000	7.5	12	18.475
4	11	29	22	11	15	113	277	231	30	17	311	2869	1169	113	26	274	2305	1082	104	10	47	215	149	22	414	0	130	10000	7.5	12	18.025
4	16	24	24	1	8	96	271	181	45	27	340	2818	1137	90	21	320	2435	1048	86	13	62	212	147	23	440	0	111	10000	7.5	12	17.575
2	16	20	24	5	8	90	287	203	31	25	310	2833	1173	89	29	295	2418	1081	99	3	63	169	143	19	440	0	125	10000	7.5	12	17.125
4	11	27	22	4	12	90	257	232	39	32	300	2894	1202	102	17	307	2339	997	97	8	61	211	152	21	436	0	126	10000	7.5	12	16.675
1	14	32	23	4	14	94	315	204	27	25	307	2877	1186	97	25	299	2378	1031	89	6	52	203	153	21	411	0	112	10000	7.5	12	16.225
4	18	29	24	3	11	99	316	226	28	35	314	2770	1219	106	23	296	2350	1018	103	8	56	228	153	25	419	0	119	10000	7.5	12	15.775
2	15	27	27	6	13	87	314	205	53	25	275	2851	1228	92	21	288	2296	1099	86	2	72	200	158	22	420	0	116	10000	7.5	12	15.325
0	11	30	17	6	11	92	299	230	34	24	313	2883	1168	110	17	306	2357	1063	78	6	87	175	138	26	409	0	110	10000	7.5	12	14.875
1	15	28	26	4	10	83	284	204	37	24	317	2839	1219	95	24	321	2340	1052	94	6	70	211	138	17	432	0	109	10000	7.5	12	14.425
4	14	30	23	6	13	95	267	235	32	32	328	2878	1187	92	31	314	2347	1002	99	13	55	207	140	13	429	0	114	10000	7.5	12	13.975
4	13	28	26	5	10	81	272	221	44	25	329	2811	1199	103	25	291	2405	1050	102	9	61	179	128	24	436	0	119	10000	7.5	12	13.525
1	16	22	20	5	15	90	280	215	40	27	318	2785	1259	96	16	314	2382	1049	96	11	61	176	140	27	422	0	117	10000	7.5	12	13.075
1	12	34	29	8	17	89	295	240	34	32	342	2740	1208	96	19	315	2334	1027	112	6	69	199	157	17	443	0	125	10000	7.5	12	12.625
1	11	27	19	6	13	108	283	214	39	29	355	2779	1212	91	23	310	2381	1073	79	5	65	185	136	27	415	0	114	10000	7.5	12	12.175
0	15	24	23	5	13	103	294	232	31	22	337	2842	1228	102	33	287	2251	1055	103	11	64	218	148	12	424	0	123	10000	7.5	12	11.725
3	21	27	20	6	13	89	304	230	42	26	344	2702	1268	90	18	327	2327	1004	106	4	48	191	150	28	491	0	121	10000	7.5	12	11.275
1	21	31	21	2	10	99	266	214	29	17	330	2777	1183	95	25	297	2460	1012	85	10	64	194	139	25	453	0	140	10000	7.5	12	10.825
1	10	36	27	8	10	88	309	209	32	35	318	2794	1180	94	18	335	2310	1086	100	5	87	202	136	27	424	0	119	10000	7.5	12	10.375
1	14	28	27	3	13	86	274	215	44	23	326	2886	1222	106	23	315	2312	1056	86	3	54	203	136	24	408	0	112	10000	7.5	12	9.925
1	14	29	23	5	9	87	292	200	31	27	304	2805	1204	101	23	297	2398	1075	89	6	65	184	145	21	438	0	127	10000	7.5	12	9.475
2	17	21	17	5	15	88	305	221	44	27	345	2774	1262	92	26	298	2318	1014	92	9	77	211	128	17	450	0	125	10000	7.5	12	9.025
1	10	33	30	7	16	102	286	196	27	27	358	2750	1222	104	28	326	2401	1017	81	4	71	211	139	25	418	0	110	10000	7.5	12	8.575
3	11	28	19	4	14	79	273	194	23	30	342	2721	1290	94	27	291	2353	1042	102	9	71	191	149	14	500	0	126	10000	7.5	12	8.125
1	14	26	23	8	12	90	297	232	33	23	332	2749	1225	86	21	284	2413	1051	91	3	58	211	165	21	438	0	93	10000	7.5	12	7.675
1	21	28	24	6	8	92	308	227	31	24	334	2829	1173	118	16	295	2283	1042	109	12	68	206	144	22	448	0	131	10000	7.5	12	7.225
3	16	26	31	1	15	90	316	231	36	30	295	2707	1284	114	23	279	2340	1043	90	8	75	220	141	23	458	0	105	10000	7.5	12	6.775
2	12	32	17	6	7	85	352	217	33	35	312	2772	1226	103	17	315	2348	1035	105	7	67	210	143	16	407	0	119	10000	7.5	12	6.325
3	12	28	14	7	16	91	306	222	37	30	335	2752	1218	123	27	337	2329	1041	90	8	68	179	150	15	438	0	124	10000	7.5	12	5.875
3	4	30	18	2	13	89	301	229	36	26	319	2806	1223	91	25	324	2336	1031	91	8	51	219	141	26	427	0	131	10000	7.5	12	5.425
2	11	29	25	4	20	84	345	214	33	20	337	2716	1255	107	23	344	2302	1037	89	2	52	212	148	26	429	0	134	10000	7.5	12	4.975
2	19	25	25	5	18	76	302	194	41	36	337	2793	1244	95	23	345	2292	1044	95	7	64	199	133	25	437	0	124	10000	7.5	12	4.525
2	13	20	30	3	12	92	309	219	41	23	343	2719	1264	91	27	285	2310	1087	99	4	66	200	127	29	466	7	112	10000	7.5	12	4.075
2	14	25	19	10	20	77	318	218	41	29	309	2854	1173	87	26	309	2256	1060	86	8	61	210	164	15	426	55	128	10000	7.5	12	3.625
2	6	33	17	7	15	91	311	234	45	21	282	2638	1239	86	20	335	2305	1037	89	4	75	212	171	17	419	170	119	10000	7.5	12	3.175
2	23	28	21	4	15	79	286	244	27	24	292	2592	1168	94	23	301	2316	1061	85	8	68	192	134	26	418	368	101	10000	7.5	12	2.725
2	15	26	25	5	7	90	296	226	39	27	323	2475	1146	89	23	297	2151	972	90	4	69	184	137	13	432	727	110	10000	7.5	12	2.275
3	6	24	22	6	8	77	252	213	35	27	299	2376	1060	77	22	282	2044	921	88	6	56	205	124	23	359	1286	99	10000	7.5	12	1.825
1	8	23	18	3	6	77	232	202	35	19	264	2242	1030	73	26	278	1856	789	77	6	51	169	124	24	374	1905	88	10000	7.5	12	1.375
1	13	28	21	2	10	80	220	155	35	26	240	2021	907	76	22	228	1684	790	75	7	40	135	110	16	324	2634	100	10000	7.5	12	0.925
1	12	26	20	8	7	62	195	138	26	15	224	1697	826	74	13	207	1541	657	68	5	40	115	97	18	303	3525	80	10000	7.5	12	0.475
0	4	17	18	1	3	50	168	125	19	12	209	1561	694	62	15	200	1319	592	54	3	40	96	87	4	262	4305	80	10000	7.5	12	0.025
2	6	22	22	3	5	42	154	96	17	16	167	1249	577	47	7	154	1109	491	52	6	24	100	82	8	212	5268	62	10000	7.5	12	-0.425
0	3	14	13	1	3	29	138	85	14	14	137	1149	491	43	18	147	935	457	38	3	33	77	57	3	206	5835	57	10000	7.5	12	-0.875
0	3	10	8	4	6	30	119	96	11	16	121	906	449	32	12	125	834	383	33	2	15	57	61	12	187	6436	32	10000	7.5	12	-1.325
1	4	10	11	0	2	34	82	59	10	7	132	806	362	35	2	112	683	324	25	2	22	64	42	8	143	6993	25	10000	7.5	12	-1.775
2	4	8	1	1	5	29	90	70	12	8	86	724	329	27	9	92	608	295	22	4	24	50	41	2	159	7265	33	10000	7.5	12	-2.225
0	2	10	11	1	2	17	84	48	8	7	86	631	276	28	8	87	545	270	19	2	20	44	38	2	139	7587	28	10000	7.5	12	-2.675
1	5	5	2	0	1	17	52	39	9	6	73	523	294	27	2	65	491	222	16	2	12	45	39	3	157	7869	23	10000	7.5	12	-3.125
1	5	2	5	2	2	23	65	38	5	6	74	460	220	19	4	59	396	186	22	3	10	38	28	1	140	8161	25	10000	7.5	12	-3.575
0	1	6	3	1	0	15	57	44	4	3	59	390	205	7	9	55	358	182	11	2	12	29	28	4	130	8360	25	10000	7.5	12	-4.025
0	2	2	2	0	1	16	60	29	7	4	47	354	188	14	2	58	305	140	8	2	6	24	23	2	124	8566	14	10000	7.5	12	-4.475
0	2	2	1	1	1	8	33	25	1	2	35	310	152	9	5	42	255	136	8	1	9	27	12	1	106	8801	15	10000	7.5	12	-4.925
0	0	5	4	1	0	13	25	22	4	1	26	263	122	5	4	21	235	110	9	0	2	25	10	0	137	8948	8	10000	7.5	12	-5.375
0	4	0	1	0	2	7	34	22	3	2	23	226	113	12	2	25	159	103	12	1	11	15	16	0	161	9036	10	10000	7.5	12	-5.825
0	0	1	3	1	0	7	24	17	2	1	28	177	95	8	2	27	166	105	9	0	9	12	7	2	150	9135	12	10000	7.5	12	-6.275
0	0	2	1	0	0	3	19	21	4	1	23	162	92	8	3	21	138	71	4	2	3	15	15	2	173	9206	11	10000	7.5	12	-6.725
0	1	7	2	0	1	6	18	15	3	2	22	144	77	4	1	21	123	42	8	0	4	13	8	1	178	9293	6	10000	7.5	12	-7.175
0	0	0	1	0	0	5	13	12	3	1	14	129	65	6	1	12	94	55	9	0	6	12	9	1	194	9352	6	10000	7.5	12	-7.625
0	0	0	1	0	2	6	17	5	0	3	11	111	59	9	1	12	93	62	2	0	3	6	4	1	217	9369	6	10000	7.5	12	-8.075
0	1	1	1	0	0	4	12	10	1	1	13	90	54	3	0	6	74	61	3	1	3	10	5	0	246	9392	8	10000	7.5	12	-8.525
0	0	0	0	1	0	7	10	6	0	0	11	65	40	3	1	14	82	28	0	0	3	8	4	2	268	9444	3	10000	7.5	12	-8.975
0	0	1	1	0	1	4	10	4	2	3	11	84	41	3	1	12	74	35	1	0	1	4	10	0	327	9368	2	10000	7.5	12	-9.425
0	0	0	1	0	0	2	4	7	1	1	9	58	32	1	0	7	49	27	0	0	0	6	1	0	368	9424	2	10000	7.5	12	-9.875
0	0	0	0	1	0	0	12	4	2	1	10	45	25	2	0	6	47	30	1	1	2	6	7	0	436	9359	3	10000	7.5	12	-10.325
0	0	1	1	0	0	2	9	5	0	0	7	54	23	3	1	4	41	20	5	0	0	2	1	0	516	9304	1	10000	7.5	12	-10.775
0	0	2	0	0	1	1	4	1	1	0	3	55	22	2	0	6	35	15	2	0	0	4	6	1	540	9296	3	10000	7.5	12	-11.225
0	0	1	0	0	0	0	4	2	0	0	7	31	21	2	0	5	34	14	1	0	1	4	5	0	656	9212	0	10000	7.5	12	-11.675
0	0	1	0	0	0	0	3	3	0	0	1	28	18	1	0	8	21	19	1	0	2	3	1	0	753	9136	1	10000	7.5	12	-12.125
0	0	0	0	0	0	2	5	7	0	0	9	26	12	1	0	2	15	7	2	0	1	2	0	2	850	9055	2	10000	7.5	12	-12.575
0	0	1	0	0	0	1	3	3	0	0	5	21	12	1	0	2	13	14	0	0	1	1	1	0	894	9026	1	10000	7.5	12	-13.025
0	0	0	0	0	0	0	4	4	1	0	1	22	12	0	0	2	19	10	0	0	0	1	0	0	1152	8771	1	10000	7.5	12	-13.475
0	0	1	1	0	0	0	3	4	0	1	2	20	13	3	0	2	14	4	2	0	0	2	1	0	1280	8647	0	10000	7.5	12	-13.925
0	0	0	0	0	0	0	2	1	0	0	1	10	8	1	0	3	13	5	0	0	0	0	2	0	1444	8506	4	10000	7.5	12	-14.375
0	0	0	0	0	0	0	1	1	0	0	1	12	3	0	0	1	10	8	0	0	0	0	0	0	1812	8150	1	10000	7.5	12	-14.825
0	0	0	0	0	0	0	1	1	0	1	1	11	8	0	0	2	4	9	0	0	0	0	1	0	2020	7939	2	10000	7.5	12	-15.275
0	0	0	0	0	0	1	2	0	0	0	2	8	4	0	0	0	7	7	0	0	0	0	0	0	2287	7682	0	10000	7.5	12	-15.725
0	0	0	0	0	0	0	0	1	0	0	0	9	6	0	0	0	6	6	0	0	0	0	0	0	2663	7308	1	10000	7.5	12	-16.175
0	0	1	0	0	0	0	1	1	0	0	2	7	5	0	0	2	5	0	1	0	1	0	0	0	2976	6998	0	10000	7.5	12	-16.625
0	0	0	0	0	0	0	0	0	0	0	0	6	1	0	0	0	4	3	1	0	0	0	0	0	3527	6458	0	10000	7.5	12	-17.075
0	0	1	0	0	0	0	1	0	1	0	0	2	0	0	0	1	5	1	0	0	0	1	0	0	3964	6023	0	10000	7.5	12	-17.525
0	0	0	0	0	0	1	0	0	0	0	1	2	0	0	0	0	4	0	0	0	0	0	0	0	4576	5416	0	10000	7.5	12	-17.975
0	0	0	0	0	0	0	0	1	1	0	0	2	1	0	0	0	6	2	0	0	0	0	0	0	5375	4610	2	10000	7.5	12	-18.425
0	0	0	0	0	0	0	0	0	0	0	0	4	4	0	0	0	3	1	0	0	0	0	0	0	6169	3819	0	10000	7.5	12	-18.875
0	0	0	0	0	0	1	1	2	0	0	0	5	0	0	0	0	1	2	0	0	0	0	1	0	6926	3061	0	10000	7.5	12	-19.325
0	0	0	0	0	0	0	0	0	0	0	0	1	2	0	0	0	0	0	0	0	1	0	0	0	7627	2369	0	10000	7.5	12	-19.775
