100	
1	13	32	16	4	13	69	301	292	42	23	262	2803	1744	110	8	223	1758	1209	104	6	42	171	169	17	441	0	127	10000	11	10	24.775
2	15	34	19	9	13	77	326	293	57	20	234	2701	1722	144	23	266	1855	1134	107	3	40	161	138	27	445	0	135	10000	11	10	24.325
1	17	29	25	5	6	100	305	289	55	29	262	2815	1709	139	24	221	1784	1139	127	8	44	152	128	26	439	0	122	10000	11	10	23.875
2	13	23	25	10	11	80	334	282	51	19	249	2734	1701	143	17	209	1885	1153	105	6	31	197	132	29	433	0	126	10000	11	10	23.425
5	10	36	36	2	4	67	315	276	35	20	238	2815	1682	152	17	233	1858	1186	108	1	50	168	148	17	426	0	95	10000	11	10	22.975
0	11	29	23	13	12	77	375	271	42	13	234	2856	1637	122	17	233	1827	1144	116	4	42	177	133	29	443	0	120	10000	11	10	22.525
1	11	33	30	10	9	76	312	278	50	19	248	2808	1701	144	11	247	1750	1241	114	6	45	160	126	28	434	0	108	10000	11	10	22.075
2	11	41	41	4	6	81	335	274	47	18	264	2755	1772	122	18	208	1773	1196	106	4	39	167	157	23	428	0	108	10000	11	10	21.625
2	13	34	19	6	10	86	344	305	32	21	242	2696	1708	121	14	219	1880	1182	117	6	49	173	129	28	434	0	130	10000	11	10	21.175
3	14	41	21	7	12	92	312	284	50	20	241	2751	1736	118	23	239	1775	1185	109	5	50	169	137	24	457	0	125	10000	11	10	20.725
2	15	17	26	8	8	85	346	266	43	16	228	2792	1681	142	17	216	1838	1207	121	4	45	174	144	28	412	0	119	10000	11	10	20.275
2	16	28	40	6	7	79	344	302	41	19	273	2734	1721	121	23	213	1755	1176	127	4	34	166	151	34	451	0	133	10000	11	10	19.825
2	16	27	33	2	11	79	331	272	54	20	276	2746	1736	122	26	227	1783	1152	135	3	54	159	137	36	436	0	125	10000	11	10	19.375
0	11	33	29	4	7	95	305	283	45	22	267	2730	1780	129	19	224	1784	1142	116	5	44	169	183	36	421	0	117	10000	11	10	18.925
4	15	34	28	13	9	97	365	294	51	15	260	2820	1630	128	13	212	1744	1218	120	5	39	170	121	25	440	0	130	10000	11	10	18.475
1	16	34	34	4	13	75	317	293	38	18	291	2772	1688	138	22	232	1785	1221	91	3	47	167	127	26	419	0	128	10000	11	10	18.025
2	13	45	30	8	10	77	330	285	46	18	261	2702	1794	126	12	204	1819	1234	95	5	45	154	139	22	410	0	114	10000	11	10	17.575
1	9	40	33	3	5	81	333	305	40	22	246	2696	1736	128	19	236	1862	1147	119	1	57	164	140	19	444	0	114	10000	11	10	17.125
0	16	33	28	4	13	72	335	270	47	22	258	2731	1728	108	13	193	1812	1205	115	4	60	160	159	23	474	0	117	10000	11	10	16.675
3	14	43	36	8	8	92	334	271	52	25	261	2716	1767	92	19	213	1786	1180	113	2	34	158	151	28	475	0	119	10000	11	10	16.225
2	12	27	21	8	5	78	335	286	38	17	258	2768	1691	145	21	229	1829	1179	105	4	52	162	139	26	431	0	132	10000	11	10	15.775
4	8	36	32	6	6	86	325	302	44	26	254	2737	1727	117	18	219	1748	1196	114	11	43	181	174	16	460	0	110	10000	11	10	15.325
1	16	25	27	3	10	63	344	284	42	25	256	2763	1717	120	18	238	1815	1159	102	5	52	181	137	25	451	0	121	10000	11	10	14.875
1	8	25	36	5	12	90	319	314	44	12	259	2836	1703	130	15	231	1765	1172	102	6	43	140	150	20	437	0	125	10000	11	10	14.425
3	13	44	24	4	10	85	309	308	58	22	264	2628	1728	110	15	240	1839	1229	129	4	40	165	142	28	425	0	134	10000	11	10	13.975
2	18	32	29	8	9	84	315	298	44	15	269	2737	1677	134	6	227	1786	1206	122	4	45	158	146	26	474	0	129	10000	11	10	13.525
0	10	26	34	6	10	85	343	294	57	27	253	2756	1666	140	13	230	1827	1194	107	6	47	172	152	22	423	0	100	10000	11	10	13.075
1	13	36	34	8	10	76	319	276	46	18	264	2708	1752	126	19	222	1834	1139	129	6	42	175	138	19	457	0	133	10000	11	10	12.625
1	15	25	23	10	10	87	356	316	45	22	258	2640	1700	140	24	222	1809	1213	115	12	52	188	163	28	402	0	124	10000	11	10	12.175
1	13	27	32	2	6	77	332	300	59	16	251	2715	1665	129	16	228	1792	1216	122	3	41	189	130	22	485	0	131	10000	11	10	11.725
1	4	28	29	4	3	97	321	298	44	21	244	2663	1721	162	23	237	1822	1199	128	7	53	157	145	34	455	0	100	10000	11	10	11.275
2	11	34	24	7	17	97	363	287	46	21	282	2719	1671	138	22	217	1785	1185	114	3	42	173	155	26	421	0	138	10000	11	10	10.825
1	11	37	31	5	7	101	378	314	48	24	261	2751	1671	114	19	238	1750	1136	115	6	51	153	139	26	481	0	132	10000	11	10	10.375
3	9	34	30	12	9	99	329	339	64	25	244	2644	1679	126	22	245	1749	1210	125	6	51	166	155	33	459	0	133	10000	11	10	9.925
3	12	34	30	8	4	81	340	280	41	31	289	2678	1673	143	13	232	1786	1196	119	8	40	181	142	27	482	0	127	10000	11	10	9.475
0	11	41	19	6	8	93	355	291	50	17	253	2633	1727	133	16	207	1821	1197	128	2	55	163	139	28	479	0	128	10000	11	10	9.025
2	15	27	36	10	14	93	359	297	49	18	258	2673	1740	150	14	217	1739	1173	125	5	40	174	135	21	496	0	120	10000	11	10	8.575
4	11	29	30	6	10	104	332	262	47	26	271	2556	1739	133	25	240	1813	1247	104	6	46	208	152	20	455	0	124	10000	11	10	8.125
1	9	40	20	15	10	85	335	316	53	21	266	2643	1749	140	17	231	1748	1200	127	8	38	160	129	29	461	0	149	10000	11	10	7.675
4	13	43	38	9	12	81	338	299	34	21	271	2684	1646	124	23	203	1843	1249	114	6	23	183	137	31	452	0	119	10000	11	10	7.225
3	15	31	35	9	12	98	334	308	37	12	267	2610	1722	130	24	231	1785	1239	138	4	42	175	118	27	459	0	135	10000	11	10	6.775
1	15	46	27	10	6	68	340	307	40	20	271	2595	1785	150	29	219	1852	1167	122	6	41	168	141	24	438	0	112	10000	11	10	6.325
2	12	32	27	10	14	95	344	324	43	15	259	2604	1696	134	15	237	1876	1189	124	4	39	168	131	28	467	0	111	10000	11	10	5.875
1	7	34	30	3	8	84	331	313	40	20	257	2708	1717	108	17	221	1746	1215	117	2	50	190	152	24	481	0	124	10000	11	10	5.425
2	8	41	29	10	8	89	368	276	51	22	265	2615	1741	135	17	237	1804	1234	121	5	47	159	137	26	446	0	107	10000	11	10	4.975
2	17	40	34	6	8	81	324	303	44	26	280	2612	1718	141	19	244	1815	1185	120	8	41	191	140	29	435	0	137	10000	11	10	4.525
7	19	43	32	9	7	73	324	313	39	25	254	2688	1753	121	23	224	1798	1185	123	4	52	150	139	31	422	12	130	10000	11	10	4.075
2	10	27	27	7	14	104	362	298	44	20	273	2583	1678	116	20	258	1764	1225	125	8	45	159	143	29	465	54	140	10000	11	10	3.625
4	21	30	23	8	10	87	313	320	46	10	247	2568	1727	135	13	228	1780	1179	116	5	34	178	140	22	442	191	123	10000	11	10	3.175
2	11	41	28	6	10	74	308	285	41	19	256	2557	1693	128	14	244	1755	1140	96	4	46	166	116	24	442	384	110	10000	11	10	2.725
2	9	32	26	4	10	85	325	254	41	17	249	2433	1558	129	22	224	1674	1150	102	6	46	162	133	21	465	710	111	10000	11	10	2.275
1	13	19	20	8	4	61	319	239	52	14	233	2250	1513	115	13	183	1605	1149	95	4	34	163	117	23	421	1247	85	10000	11	10	1.825
1	15	22	17	9	8	72	272	241	31	14	200	2128	1426	108	14	191	1443	969	95	5	35	151	115	22	334	1961	101	10000	11	10	1.375
3	8	16	24	2	9	51	255	223	38	19	188	1906	1246	118	16	174	1342	875	88	4	37	113	115	11	331	2691	97	10000	11	10	0.925
3	7	24	26	4	4	47	227	207	30	15	155	1729	1106	66	16	156	1181	815	82	0	41	116	98	19	311	3432	83	10000	11	10	0.475
2	9	18	20	0	4	40	193	162	23	13	160	1488	964	82	17	118	1026	684	73	3	22	89	80	19	263	4360	68	10000	11	10	0.025
0	4	14	7	5	3	43	149	154	22	5	135	1221	825	63	9	96	846	606	57	0	21	80	64	16	266	5233	56	10000	11	10	-0.425
1	6	14	9	1	2	45	155	134	13	7	105	1050	725	55	9	99	726	548	53	4	21	50	67	10	219	5814	58	10000	11	10	-0.875
0	2	17	12	2	1	35	139	118	12	7	103	936	624	52	5	78	655	407	42	1	18	56	49	16	180	6381	52	10000	11	10	-1.325
0	1	11	8	2	2	29	96	102	17	10	84	786	526	47	5	77	616	431	38	2	14	45	52	10	162	6781	46	10000	11	10	-1.775
1	3	7	13	3	7	27	124	83	16	3	71	640	443	33	2	79	456	350	34	0	18	43	36	7	156	7315	30	10000	11	10	-2.225
1	6	11	7	1	0	19	84	77	10	1	62	621	425	29	4	54	407	281	20	0	4	55	29	13	149	7599	31	10000	11	10	-2.675
0	2	4	6	0	2	12	63	72	14	6	60	540	337	26	4	45	353	254	14	3	5	35	25	5	161	7917	35	10000	11	10	-3.125
0	3	6	5	0	0	15	63	45	10	5	51	394	311	30	2	37	321	222	23	0	10	32	33	2	137	8224	19	10000	11	10	-3.575
1	1	7	0	2	4	11	52	50	7	4	53	363	234	22	2	28	278	195	19	1	11	21	31	4	131	8450	18	10000	11	10	-4.025
1	0	3	3	0	4	9	46	45	10	0	38	317	225	25	6	34	259	163	16	2	6	26	17	4	137	8582	22	10000	11	10	-4.475
0	0	2	4	2	0	14	38	35	8	3	34	302	195	19	1	26	216	172	10	0	7	29	19	1	125	8728	10	10000	11	10	-4.925
0	0	2	2	1	0	11	36	31	9	0	21	251	165	21	0	21	189	139	16	1	7	21	21	2	149	8872	12	10000	11	10	-5.375
0	2	5	3	2	0	9	26	23	3	1	29	201	158	9	0	20	143	98	9	0	6	19	8	2	118	9096	10	10000	11	10	-5.825
0	2	2	3	0	0	6	31	19	3	2	12	177	121	11	2	16	133	101	7	0	5	12	10	1	167	9150	7	10000	11	10	-6.275
0	0	3	3	0	0	6	20	17	4	0	15	152	114	8	1	10	105	89	7	1	2	17	20	3	156	9241	6	10000	11	10	-6.725
0	2	1	7	1	1	4	19	19	4	3	20	154	101	6	0	18	99	71	5	0	1	12	7	2	167	9269	7	10000	11	10	-7.175
0	0	1	2	0	0	5	19	13	1	0	16	130	81	6	1	12	89	61	6	0	3	13	7	0	200	9331	3	10000	11	10	-7.625
0	1	1	1	1	1	3	17	15	2	0	8	116	82	4	0	6	78	51	6	1	4	8	4	3	234	9349	4	10000	11	10	-8.075
0	2	0	1	0	0	5	17	15	0	1	5	77	82	6	1	9	67	43	2	0	3	5	5	1	241	9408	4	10000	11	10	-8.525
1	0	0	2	0	0	1	9	6	1	0	10	92	60	7	0	5	56	34	5	0	2	9	5	1	292	9398	4	10000	11	10	-8.975
0	0	2	3	0	1	1	12	9	0	0	12	61	57	6	1	5	44	50	3	0	1	8	6	0	324	9386	8	10000	11	10	-9.425
0	0	0	0	0	0	4	6	7	0	0	3	56	43	2	0	3	40	30	2	0	0	4	7	0	403	9384	6	10000	11	10	-9.875
0	1	1	1	0	0	2	12	4	2	2	4	47	28	3	0	1	31	24	2	0	1	5	2	1	434	9389	3	10000	11	10	-10.325
0	1	0	3	0	0	1	6	6	0	0	2	38	33	2	0	5	31	24	3	0	1	6	4	1	513	9318	2	10000	11	10	-10.775
0	0	0	0	0	2	1	6	6	0	0	3	39	22	4	0	2	28	26	1	0	0	6	3	1	558	9289	3	10000	11	10	-11.225
0	1	0	0	0	0	0	2	1	2	0	4	19	35	0	2	2	25	19	3	0	0	2	3	0	656	9224	0	10000	11	10	-11.675
0	0	0	0	1	1	1	7	3	0	0	0	36	15	3	2	1	16	18	4	0	0	0	1	0	723	9167	1	10000	11	10	-12.125
0	0	3	0	0	1	0	2	5	0	0	1	30	18	5	0	4	20	18	0	0	1	1	1	0	925	8965	0	10000	11	10	-12.575
0	0	0	1	0	0	0	3	0	0	0	2	21	22	0	0	1	8	10	2	0	0	0	3	0	991	8935	1	10000	11	10	-13.025
0	0	0	0	0	0	1	5	2	1	0	2	16	21	0	0	4	11	1	1	0	2	3	2	0	1069	8859	0	10000	11	10	-13.475
0	0	0	0	0	0	0	0	1	0	0	1	15	11	2	0	2	10	7	3	0	1	1	1	1	1329	8614	1	10000	11	10	-13.925
0	0	0	0	0	1	0	4	2	0	0	3	19	19	1	0	1	17	14	3	1	1	0	1	1	1449	8462	1	10000	11	10	-14.375
0	0	0	0	0	0	0	2	4	0	0	0	17	9	0	0	1	7	16	0	0	0	1	2	0	1715	8225	1	10000	11	10	-14.825
0	0	0	0	0	0	0	0	2	0	0	1	6	8	0	0	1	7	10	0	0	0	1	2	0	1919	8041	2	10000	11	10	-15.275
0	0	0	1	0	0	2	0	0	0	0	0	6	9	1	0	0	8	4	1	0	0	0	0	0	2337	7631	0	10000	11	10	-15.725
0	0	0	0	1	0	0	1	1	0	0	2	9	8	0	0	0	5	4	0	0	0	0	0	0	2644	7325	0	10000	11	10	-16.175
0	0	0	1	0	0	0	1	1	0	0	0	6	12	0	0	3	8	3	0	0	0	0	0	0	3032	6933	0	10000	11	10	-16.625
0	0	1	0	0	0	0	0	0	0	0	1	8	2	0	0	0	8	3	1	0	1	0	0	0	3502	6473	0	10000	11	10	-17.075
0	0	0	1	0	0	0	3	1	0	0	2	4	2	1	0	0	4	3	1	0	0	0	1	0	3969	6008	0	10000	11	10	-17.525
0	0	0	0	0	0	0	2	0	0	0	0	5	2	0	0	0	3	2	0	0	1	1	1	0	4632	5351	0	10000	11	10	-17.975
0	0	0	0	0	0	0	0	1	0	0	1	2	2	0	0	0	3	2	0	0	0	0	0	0	5381	4608	0	10000	11	10	-18.425
0	0	0	0	0	0	0	0	1	1	0	0	4	2	0	0	0	1	2	0	0	0	0	0	0	6213	3776	0	10000	11	10	-18.875
0	0	0	0	0	0	0	1	1	0	0	0	2	4	1	0	0	1	1	0	0	0	0	0	0	6946	3043	0	10000	11	10	-19.325
0	0	0	0	0	0	0	1	0	0	0	1	1	1	0	0	0	3	1	0	0	0	0	0	0	7649	2343	0	10000	11	10	-19.775
