100	
0	0	0	0	0	0	0	0	0	0	0	0	10000	0	0	0	0	0	0	0	0	0	0	0	0	0	0	0	10000	1.5	1	24.775
0	0	0	0	0	0	0	0	0	0	0	0	10000	0	0	0	0	0	0	0	0	0	0	0	0	0	0	0	10000	1.5	1	24.325
0	0	0	0	0	0	0	0	0	0	0	0	10000	0	0	0	0	0	0	0	0	0	0	0	0	0	0	0	10000	1.5	1	23.875
0	0	0	0	0	0	0	0	0	0	0	0	10000	0	0	0	0	0	0	0	0	0	0	0	0	0	0	0	10000	1.5	1	23.425
0	0	0	0	0	0	0	0	0	0	0	0	10000	0	0	0	0	0	0	0	0	0	0	0	0	0	0	0	10000	1.5	1	22.975
0	0	0	0	0	0	0	0	0	0	0	0	10000	0	0	0	0	0	0	0	0	0	0	0	0	0	0	0	10000	1.5	1	22.525
0	0	0	0	0	0	0	0	0	0	0	0	10000	0	0	0	0	0	0	0	0	0	0	0	0	0	0	0	10000	1.5	1	22.075
0	0	0	0	0	0	0	0	0	0	0	0	10000	0	0	0	0	0	0	0	0	0	0	0	0	0	0	0	10000	1.5	1	21.625
0	0	0	0	0	0	0	0	0	0	0	0	10000	0	0	0	0	0	0	0	0	0	0	0	0	0	0	0	10000	1.5	1	21.175
0	0	0	0	0	0	2	2	1	0	0	3	9985	2	0	0	2	2	0	0	0	0	0	0	0	1	0	0	10000	1.5	1	20.725
0	0	0	1	0	0	5	9	3	1	1	6	9941	8	0	0	3	6	5	3	0	0	2	1	0	4	0	1	10000	1.5	1	20.275
0	0	3	0	0	2	8	24	11	2	2	20	9825	27	0	1	7	23	20	1	0	2	4	2	0	10	0	6	10000	1.5	1	19.825
0	1	5	5	0	1	20	41	18	4	6	29	9665	60	1	1	14	64	21	1	0	2	7	1	1	20	0	12	10000	1.5	1	19.375
1	3	8	3	2	1	15	81	35	5	6	48	9457	84	5	3	20	97	39	8	0	6	10	5	1	34	0	23	10000	1.5	1	18.925
0	4	14	5	1	3	27	111	43	2	2	93	9215	135	11	2	40	132	62	9	0	4	10	8	0	51	0	16	10000	1.5	1	18.475
0	7	14	8	0	6	45	142	82	6	9	113	8952	165	13	5	57	185	68	10	1	9	12	10	1	62	0	18	10000	1.5	1	18.025
2	4	13	9	0	7	59	186	88	10	14	138	8621	252	20	7	60	244	100	10	3	12	22	10	4	80	0	25	10000	1.5	1	17.575
1	5	19	14	3	9	75	221	96	11	14	185	8348	281	18	14	78	311	111	20	0	14	28	7	5	84	0	28	10000	1.5	1	17.125
3	8	33	8	3	10	80	290	114	10	14	193	8010	339	14	5	101	367	139	16	1	21	37	20	5	106	0	53	10000	1.5	1	16.675
2	15	30	19	1	18	96	314	147	16	19	218	7717	375	21	11	124	435	146	21	3	18	39	24	2	120	0	49	10000	1.5	1	16.225
0	15	24	17	2	12	113	359	146	16	15	260	7437	414	24	17	131	490	204	16	2	11	36	25	2	161	0	51	10000	1.5	1	15.775
0	17	39	20	3	18	139	368	178	17	32	272	7225	479	31	14	134	484	186	21	4	21	47	28	5	157	0	61	10000	1.5	1	15.325
3	17	36	23	5	12	121	460	208	21	24	330	6945	482	32	14	168	542	184	21	4	28	58	25	5	168	0	64	10000	1.5	1	14.875
4	13	45	22	4	12	176	419	196	19	30	372	6769	504	29	18	185	586	213	27	8	18	66	27	3	166	0	69	10000	1.5	1	14.425
3	23	42	32	2	22	144	460	211	18	27	373	6590	555	42	19	178	612	241	32	4	33	46	23	2	199	0	67	10000	1.5	1	13.975
6	23	44	31	5	17	165	512	231	23	32	398	6372	598	36	24	188	635	272	17	4	20	57	34	3	191	0	62	10000	1.5	1	13.525
2	30	44	24	8	21	185	542	234	24	28	407	6233	569	48	19	208	711	255	22	3	27	45	23	6	213	0	69	10000	1.5	1	13.075
4	35	42	31	8	23	198	550	237	21	44	419	6079	646	49	15	205	666	282	19	4	35	53	40	7	220	0	68	10000	1.5	1	12.625
4	29	45	27	4	20	208	572	262	27	37	427	5951	639	45	18	206	703	284	45	3	32	62	37	6	227	0	80	10000	1.5	1	12.175
5	24	54	28	6	11	209	558	247	30	42	452	5847	694	56	11	218	732	305	22	2	27	51	32	8	241	0	88	10000	1.5	1	11.725
3	30	51	23	4	16	181	606	240	28	31	428	5840	660	45	21	248	762	265	20	7	45	70	36	8	256	0	76	10000	1.5	1	11.275
2	18	42	26	2	23	178	598	268	28	31	496	5630	707	43	27	230	779	310	27	0	42	87	37	4	279	0	86	10000	1.5	1	10.825
1	18	51	30	6	20	191	646	266	33	35	511	5621	696	61	18	218	756	291	29	0	36	69	38	5	268	0	86	10000	1.5	1	10.375
5	28	64	35	7	33	175	676	251	33	33	522	5482	723	55	26	259	769	314	29	7	27	64	46	4	245	0	88	10000	1.5	1	9.925
3	19	59	27	8	20	175	654	280	27	38	484	5560	684	59	29	238	793	307	34	4	40	65	36	10	256	0	91	10000	1.5	1	9.475
8	24	56	41	8	17	205	646	253	38	43	497	5457	732	54	23	240	830	273	28	9	32	62	47	7	285	0	85	10000	1.5	1	9.025
7	33	48	32	7	32	193	659	281	26	27	510	5443	717	54	19	243	815	318	36	7	27	73	30	7	263	0	93	10000	1.5	1	8.575
4	26	58	48	7	20	207	666	310	30	35	500	5306	732	56	23	272	836	291	49	8	23	74	36	7	273	0	103	10000	1.5	1	8.125
6	22	57	28	13	18	235	677	291	33	36	524	5270	766	40	30	244	798	316	37	3	33	54	59	8	291	0	111	10000	1.5	1	7.675
8	38	58	33	7	19	195	686	298	38	42	530	5293	727	53	26	265	803	333	42	6	39	62	42	6	250	0	101	10000	1.5	1	7.225
9	38	63	45	9	17	217	662	286	38	42	572	5268	712	70	19	232	812	309	37	6	37	72	35	4	284	0	105	10000	1.5	1	6.775
4	28	60	33	4	15	206	701	299	30	40	545	5188	752	50	27	255	833	343	52	7	30	74	39	6	287	0	92	10000	1.5	1	6.325
6	37	56	36	6	23	226	683	301	31	28	516	5236	758	54	25	252	807	329	41	6	31	80	31	6	295	0	100	10000	1.5	1	5.875
4	25	60	32	5	30	234	702	265	35	35	542	5157	772	50	19	295	836	318	29	4	38	73	52	3	267	0	118	10000	1.5	1	5.425
4	25	55	51	6	29	232	641	275	29	40	546	5279	692	55	25	220	903	329	34	1	33	69	39	12	286	1	89	10000	1.5	1	4.975
5	29	70	41	7	35	238	718	267	31	38	574	5110	757	61	22	271	845	300	27	5	47	74	29	4	294	0	101	10000	1.5	1	4.525
5	32	53	41	11	19	234	636	299	30	28	524	5126	805	55	32	268	852	348	43	2	35	76	41	9	279	13	104	10000	1.5	1	4.075
6	23	63	36	11	24	224	702	313	25	38	558	5103	724	47	23	268	862	324	27	3	44	75	30	5	292	44	106	10000	1.5	1	3.625
5	37	51	28	11	22	204	703	277	26	53	582	5082	673	57	20	259	859	318	33	7	35	68	46	5	288	162	89	10000	1.5	1	3.175
6	34	54	48	6	24	257	741	272	30	39	530	4781	750	58	20	244	820	311	30	9	32	65	46	10	286	389	108	10000	1.5	1	2.725
8	33	48	33	8	36	234	659	266	29	31	558	4662	678	57	35	239	817	305	25	3	28	61	21	18	275	739	94	10000	1.5	1	2.275
3	27	64	38	5	32	223	679	257	26	38	523	4297	679	48	12	231	784	273	31	1	31	67	43	8	283	1190	107	10000	1.5	1	1.825
1	34	51	32	2	22	196	575	252	24	46	456	4032	654	49	19	217	724	288	30	5	26	70	32	2	232	1846	83	10000	1.5	1	1.375
4	35	46	23	2	13	179	525	264	29	37	411	3632	615	42	28	211	639	261	28	3	26	48	25	3	226	2572	73	10000	1.5	1	0.925
6	24	47	16	1	16	142	499	174	15	26	386	3192	525	42	21	164	589	222	25	1	18	50	27	6	193	3514	59	10000	1.5	1	0.475
2	19	36	27	1	18	142	388	169	17	24	326	2757	490	35	13	166	517	209	14	2	24	44	24	3	181	4298	54	10000	1.5	1	0.025
5	15	27	22	4	19	96	341	144	20	25	273	2349	390	32	9	137	445	180	16	2	14	35	17	7	161	5164	51	10000	1.5	1	-0.425
0	11	27	9	3	8	106	296	129	14	17	238	2053	329	28	10	138	398	161	13	3	12	18	20	2	128	5782	47	10000	1.5	1	-0.875
2	13	19	14	5	10	89	284	119	10	18	232	1691	275	29	8	96	354	114	16	4	6	20	17	3	131	6385	36	10000	1.5	1	-1.325
1	14	18	8	7	16	74	242	103	12	12	180	1526	246	20	7	72	281	107	12	2	14	25	18	1	119	6828	35	10000	1.5	1	-1.775
2	8	13	16	0	11	59	203	87	11	12	154	1302	217	21	7	85	242	96	7	0	9	27	19	1	126	7242	23	10000	1.5	1	-2.225
0	7	11	7	1	3	52	186	83	5	6	146	1092	197	9	10	73	224	101	13	2	9	29	14	2	104	7590	24	10000	1.5	1	-2.675
0	7	18	13	1	8	59	146	55	5	9	120	875	198	9	6	59	182	67	5	0	9	15	4	0	122	7990	18	10000	1.5	1	-3.125
0	4	15	4	0	4	38	127	56	7	6	111	792	149	9	6	50	185	62	2	0	5	19	12	0	100	8215	22	10000	1.5	1	-3.575
1	8	7	2	1	5	43	128	47	6	4	83	699	155	6	4	57	139	61	6	1	10	12	10	0	85	8402	18	10000	1.5	1	-4.025
0	3	11	8	2	2	39	103	40	2	6	89	572	115	7	7	39	135	47	7	3	9	16	6	3	106	8608	15	10000	1.5	1	-4.475
1	3	8	6	1	2	29	81	45	4	2	63	497	100	10	7	37	109	51	2	0	9	8	7	1	101	8808	8	10000	1.5	1	-4.925
0	2	8	6	1	3	26	88	36	2	6	66	420	80	4	4	28	94	47	4	1	2	13	2	1	115	8929	12	10000	1.5	1	-5.375
0	4	6	1	1	2	20	74	31	3	6	45	402	80	7	3	27	84	37	4	0	4	7	1	1	127	9015	8	10000	1.5	1	-5.825
0	1	3	3	0	2	23	63	23	3	5	55	346	61	5	0	19	70	25	3	0	2	8	4	0	144	9120	12	10000	1.5	1	-6.275
0	2	3	0	0	0	13	48	19	1	1	60	299	52	4	2	24	61	26	2	0	3	3	1	0	148	9220	8	10000	1.5	1	-6.725
0	2	2	2	0	1	10	38	18	3	4	40	258	46	1	3	21	59	23	3	0	2	5	4	0	184	9264	7	10000	1.5	1	-7.175
1	1	3	5	0	1	13	37	21	1	1	34	192	55	5	2	19	41	23	4	0	2	3	2	0	213	9316	5	10000	1.5	1	-7.625
0	2	3	3	0	3	5	37	15	2	0	32	173	36	3	0	16	47	20	0	0	3	4	2	0	209	9377	8	10000	1.5	1	-8.075
0	1	4	3	0	2	15	24	19	1	1	17	156	30	1	0	8	37	18	2	0	0	4	3	0	255	9396	3	10000	1.5	1	-8.525
0	0	1	1	0	0	9	17	8	1	3	22	148	39	1	3	7	28	14	2	0	0	3	4	0	259	9428	2	10000	1.5	1	-8.975
0	0	4	1	0	0	4	14	14	4	3	15	115	32	3	1	7	31	13	2	1	0	1	4	0	322	9407	2	10000	1.5	1	-9.425
0	0	2	1	0	0	4	19	8	0	0	20	83	27	2	0	8	20	16	4	0	2	4	1	0	366	9410	3	10000	1.5	1	-9.875
0	0	2	0	0	1	9	21	8	1	0	18	83	25	3	1	7	20	8	2	0	1	1	2	0	421	9361	5	10000	1.5	1	-10.325
0	0	0	2	0	0	4	20	7	1	1	10	84	24	1	0	3	17	3	1	1	0	1	0	0	482	9337	1	10000	1.5	1	-10.775
0	2	3	1	0	0	3	15	5	2	2	8	60	19	0	0	2	16	2	0	0	1	4	1	0	534	9319	1	10000	1.5	1	-11.225
0	1	2	1	0	0	2	12	6	2	0	2	50	11	0	0	5	12	9	0	0	0	4	2	0	646	9231	2	10000	1.5	1	-11.675
0	1	1	0	0	0	5	7	4	0	0	4	53	10	1	0	1	15	7	0	0	0	2	1	0	712	9175	1	10000	1.5	1	-12.125
0	1	0	0	0	0	8	8	3	0	2	9	41	7	1	0	3	8	7	0	0	0	0	0	0	850	9049	3	10000	1.5	1	-12.575
0	0	0	0	0	0	2	7	3	1	1	8	38	9	1	0	3	11	2	1	0	2	1	0	0	985	8925	0	10000	1.5	1	-13.025
0	0	0	1	0	0	5	5	5	0	0	1	30	7	1	0	1	9	0	0	0	2	2	0	0	1105	8826	0	10000	1.5	1	-13.475
0	0	0	0	0	0	2	3	3	0	0	1	26	5	1	0	3	7	3	1	0	0	1	1	0	1316	8627	0	10000	1.5	1	-13.925
0	0	0	1	1	0	0	3	1	1	0	5	16	6	0	0	4	6	3	0	0	0	0	0	0	1500	8452	1	10000	1.5	1	-14.375
0	0	0	0	0	0	1	3	4	0	0	4	15	5	2	0	2	3	3	1	0	1	1	0	0	1659	8296	0	10000	1.5	1	-14.825
0	0	0	0	0	0	1	1	1	0	0	6	17	4	0	0	1	5	1	0	0	1	1	0	0	1964	7997	0	10000	1.5	1	-15.275
0	0	0	0	0	0	2	3	3	0	0	2	13	8	0	0	1	2	1	0	0	0	0	0	0	2304	7661	0	10000	1.5	1	-15.725
0	1	1	0	0	0	1	4	1	0	0	0	8	3	1	0	1	2	3	0	0	0	0	0	0	2647	7326	1	10000	1.5	1	-16.175
0	0	1	0	0	0	1	0	0	0	0	0	12	6	1	0	2	5	2	0	0	0	0	0	0	3053	6917	0	10000	1.5	1	-16.625
0	0	0	0	0	0	0	2	1	0	0	0	7	4	0	0	1	2	1	0	0	0	0	0	0	3478	6504	0	10000	1.5	1	-17.075
0	0	0	0	1	0	2	0	1	0	0	1	4	3	0	0	0	2	0	0	0	0	0	0	0	4070	5916	0	10000	1.5	1	-17.525
0	0	0	0	0	0	0	1	0	0	0	0	6	2	0	0	0	2	0	0	0	0	0	1	0	4596	5390	2	10000	1.5	1	-17.975
0	0	0	0	0	0	0	0	1	0	0	1	5	1	0	0	0	0	3	0	0	0	0	0	0	5366	4623	0	10000	1.5	1	-18.425
0	0	0	0	0	0	1	0	1	0	0	2	4	2	0	0	0	1	2	0	0	0	0	1	0	6250	3736	0	10000	1.5	1	-18.875
0	0	0	0	0	0	0	3	0	0	0	0	3	1	0	0	0	0	0	0	0	0	0	0	0	6977	3015	1	10000	1.5	1	-19.325
0	0	0	0	0	0	0	1	1	0	0	0	2	0	0	0	1	0	0	0	0	0	0	1	0	7654	2340	0	10000	1.5	1	-19.775
