100	
0	13	40	48	9	16	108	421	359	52	20	233	3347	1883	131	8	190	1253	947	99	4	38	137	115	19	389	0	121	10000	11	6.5	24.775
3	8	32	48	7	6	98	432	401	52	21	247	3338	1839	131	19	207	1290	948	81	3	37	120	86	23	398	0	125	10000	11	6.5	24.325
2	15	42	44	6	10	94	408	383	59	20	261	3264	1880	125	24	191	1307	948	106	6	40	132	110	26	385	0	112	10000	11	6.5	23.875
1	23	46	45	11	9	82	411	357	57	18	216	3329	1902	121	17	166	1356	925	106	2	33	118	125	25	391	0	108	10000	11	6.5	23.425
3	14	44	43	12	6	109	401	374	52	21	237	3327	1872	135	6	185	1299	967	97	3	48	126	120	12	355	0	132	10000	11	6.5	22.975
3	16	29	27	13	14	109	413	381	65	26	242	3296	1883	121	15	172	1309	928	82	4	47	142	105	20	400	0	138	10000	11	6.5	22.525
3	4	38	44	7	9	88	401	379	47	24	219	3352	1901	117	15	168	1358	932	90	3	32	129	108	19	403	0	110	10000	11	6.5	22.075
4	7	31	48	13	6	99	416	367	50	17	252	3401	1779	126	18	171	1370	927	103	3	51	123	112	17	378	0	111	10000	11	6.5	21.625
2	11	42	37	9	11	101	433	333	59	20	233	3416	1836	114	13	177	1352	950	92	2	35	106	108	22	384	0	102	10000	11	6.5	21.175
3	11	45	49	6	11	80	411	378	39	19	236	3232	1910	145	21	194	1333	981	102	8	49	131	122	15	361	0	108	10000	11	6.5	20.725
2	19	43	32	6	14	88	379	363	57	20	258	3256	1884	141	16	190	1346	1003	93	1	31	127	103	27	381	0	120	10000	11	6.5	20.275
3	7	35	30	4	6	97	425	368	55	23	236	3317	1836	136	13	193	1290	983	95	4	22	123	119	23	443	0	114	10000	11	6.5	19.825
4	14	41	39	6	10	107	407	365	60	19	249	3347	1905	135	10	158	1313	906	95	8	43	124	119	19	380	0	117	10000	11	6.5	19.375
4	13	39	36	10	7	88	389	345	60	23	230	3334	1879	134	17	168	1348	976	116	2	45	118	104	14	371	0	130	10000	11	6.5	18.925
2	13	38	49	8	12	108	403	350	53	17	261	3392	1810	136	9	182	1298	955	100	3	36	123	105	15	423	0	99	10000	11	6.5	18.475
3	13	48	42	6	10	106	413	368	55	18	258	3283	1876	135	18	186	1325	935	92	6	32	123	111	25	402	0	111	10000	11	6.5	18.025
2	10	37	36	10	5	91	387	375	40	17	255	3327	1874	122	19	191	1277	993	102	4	34	120	126	28	390	0	128	10000	11	6.5	17.575
1	16	41	27	8	12	81	413	340	57	30	267	3372	1882	142	18	174	1323	921	91	0	40	112	102	23	399	0	108	10000	11	6.5	17.125
5	17	31	49	7	11	109	443	377	39	23	256	3349	1850	137	15	174	1302	909	86	6	37	130	89	21	397	0	131	10000	11	6.5	16.675
6	14	41	33	6	10	105	426	354	62	18	256	3263	1862	128	22	182	1353	885	101	3	48	119	116	20	434	0	133	10000	11	6.5	16.225
2	16	33	33	7	8	92	414	380	48	18	275	3175	1918	121	18	186	1318	993	119	5	31	139	119	12	398	0	122	10000	11	6.5	15.775
3	15	54	30	10	11	121	421	342	72	14	246	3275	1847	146	18	195	1294	950	91	3	38	126	107	18	417	0	136	10000	11	6.5	15.325
1	11	39	40	6	5	84	439	376	48	17	245	3274	1859	146	20	192	1383	878	136	5	34	129	95	18	387	0	133	10000	11	6.5	14.875
1	12	42	36	7	10	103	461	382	51	16	254	3212	1891	139	20	203	1303	946	98	4	38	125	102	22	412	0	110	10000	11	6.5	14.425
3	26	43	40	7	11	94	424	359	64	24	245	3182	1966	137	17	192	1357	892	96	2	46	138	125	13	381	0	116	10000	11	6.5	13.975
4	19	38	41	7	3	101	416	347	62	20	275	3176	1905	141	21	213	1305	983	103	3	33	135	87	24	422	0	116	10000	11	6.5	13.525
4	12	42	41	8	9	91	438	353	56	17	259	3181	1842	130	18	179	1394	992	99	9	35	122	112	22	431	0	104	10000	11	6.5	13.075
1	17	46	40	11	12	81	410	384	65	21	270	3262	1821	130	15	214	1362	932	85	3	34	116	108	32	403	0	125	10000	11	6.5	12.625
2	14	38	35	7	9	105	469	363	60	21	274	3107	1870	132	13	195	1396	930	115	3	50	125	130	24	380	0	133	10000	11	6.5	12.175
1	16	34	25	5	12	106	449	360	40	21	253	3177	1955	133	21	186	1330	922	110	4	25	144	108	13	425	0	125	10000	11	6.5	11.725
3	20	55	43	8	13	102	425	395	51	16	275	3104	1847	137	19	228	1366	939	98	5	42	121	126	15	407	0	140	10000	11	6.5	11.275
0	19	33	37	11	12	86	426	370	60	20	260	3108	1922	134	16	195	1359	991	104	4	41	130	108	29	399	0	126	10000	11	6.5	10.825
2	24	38	49	12	14	105	471	369	56	21	247	3140	1887	129	14	181	1369	962	110	2	38	117	111	19	387	0	126	10000	11	6.5	10.375
2	14	60	38	8	6	106	457	364	64	30	241	3071	1869	119	19	191	1425	941	102	7	35	139	97	26	437	0	132	10000	11	6.5	9.925
1	22	44	53	9	10	89	440	386	68	21	294	3116	1866	135	16	172	1345	1003	91	5	36	128	122	20	371	0	137	10000	11	6.5	9.475
2	14	35	38	7	8	82	431	386	57	20	270	3131	1872	116	14	202	1371	971	106	7	42	135	112	22	432	0	117	10000	11	6.5	9.025
2	19	39	45	8	13	99	464	350	62	16	246	3139	1886	140	15	193	1343	970	103	10	35	131	99	18	416	0	139	10000	11	6.5	8.575
1	17	50	41	13	9	103	409	390	59	18	270	3194	1859	132	18	190	1387	936	91	2	32	127	124	16	382	0	130	10000	11	6.5	8.125
3	16	48	39	9	7	97	441	371	57	20	292	3076	1880	122	17	203	1394	965	110	6	33	122	99	24	417	0	132	10000	11	6.5	7.675
1	17	51	23	14	10	91	451	381	56	21	257	3071	1921	129	19	212	1377	957	82	6	36	131	105	19	421	0	141	10000	11	6.5	7.225
3	19	47	40	9	11	99	457	371	45	18	261	3112	1824	132	23	208	1410	1012	107	4	40	109	99	25	400	0	115	10000	11	6.5	6.775
1	11	49	31	15	10	93	476	377	47	14	267	3013	1908	161	14	222	1365	1046	101	5	37	117	92	13	407	0	108	10000	11	6.5	6.325
3	23	41	36	6	3	101	459	396	65	18	243	3088	1876	138	13	204	1353	984	105	8	42	124	105	22	406	0	138	10000	11	6.5	5.875
1	14	44	30	15	6	116	449	392	68	23	254	3161	1860	114	13	174	1363	960	101	7	28	119	113	25	443	0	107	10000	11	6.5	5.425
0	12	34	43	4	15	119	429	376	52	14	277	3055	1955	137	16	178	1381	970	112	2	36	141	99	23	396	0	124	10000	11	6.5	4.975
3	14	50	35	11	11	96	445	380	60	22	262	3089	1885	126	18	208	1356	975	111	4	36	143	109	19	408	1	123	10000	11	6.5	4.525
7	13	64	38	5	10	113	439	400	41	20	275	3061	1909	133	20	187	1347	985	94	3	37	134	101	24	403	13	124	10000	11	6.5	4.075
0	12	42	34	12	9	113	472	390	67	15	266	2983	1853	131	16	222	1389	1011	112	4	43	129	105	19	391	50	110	10000	11	6.5	3.625
3	12	40	44	12	8	97	434	365	48	20	264	3026	1912	111	19	223	1331	942	117	3	25	136	111	12	428	156	101	10000	11	6.5	3.175
4	14	39	41	7	8	96	469	357	48	19	267	2989	1769	117	13	191	1355	926	88	1	34	123	118	17	405	376	109	10000	11	6.5	2.725
1	12	56	36	6	11	105	450	330	65	13	277	2880	1715	126	12	167	1236	868	110	2	33	123	118	18	378	722	130	10000	11	6.5	2.275
1	7	40	40	5	8	107	365	330	54	14	235	2662	1695	122	15	181	1208	855	91	5	30	116	100	11	372	1232	99	10000	11	6.5	1.825
0	8	30	23	15	13	80	400	289	40	15	263	2460	1497	100	10	165	1098	774	93	3	26	109	77	18	369	1911	114	10000	11	6.5	1.375
0	13	43	32	5	3	81	361	284	52	16	200	2183	1451	85	14	130	1057	722	72	6	23	88	65	13	290	2627	84	10000	11	6.5	0.925
1	12	22	23	6	4	80	286	242	33	12	176	1962	1275	72	7	139	896	630	53	0	21	68	67	12	290	3521	90	10000	11	6.5	0.475
2	8	20	20	7	6	46	245	237	31	12	162	1700	1069	67	5	127	792	536	56	3	18	91	58	12	280	4330	60	10000	11	6.5	0.025
0	7	27	21	8	6	48	192	184	24	7	132	1449	883	70	6	92	652	478	47	3	10	64	51	6	228	5235	70	10000	11	6.5	-0.425
0	4	21	17	3	7	36	207	165	19	5	97	1202	833	50	6	76	597	409	40	1	14	54	46	10	202	5832	47	10000	11	6.5	-0.875
1	3	17	17	4	6	41	157	135	32	7	97	1054	729	58	3	78	523	346	34	3	13	45	40	16	167	6329	45	10000	11	6.5	-1.325
0	6	10	12	3	5	47	129	108	25	9	87	922	613	47	4	61	434	323	27	1	15	29	45	7	170	6824	37	10000	11	6.5	-1.775
1	6	14	12	3	0	32	120	105	17	5	79	770	547	45	3	58	386	251	33	1	13	32	28	1	140	7271	27	10000	11	6.5	-2.225
0	4	13	11	0	1	25	131	68	13	4	61	687	431	24	4	36	352	245	24	0	4	23	31	4	142	7635	27	10000	11	6.5	-2.675
0	4	10	13	5	1	21	100	73	10	6	56	603	357	25	3	42	280	202	19	0	10	29	34	7	147	7909	34	10000	11	6.5	-3.125
0	0	4	13	2	0	22	89	84	14	3	48	509	344	22	4	30	240	174	10	1	6	32	22	1	137	8169	20	10000	11	6.5	-3.575
0	5	7	6	1	5	18	59	69	9	5	48	430	288	18	2	30	223	173	15	2	2	20	20	2	109	8418	16	10000	11	6.5	-4.025
0	3	5	2	3	2	17	81	55	4	2	42	378	300	15	4	24	190	141	10	1	6	26	16	2	117	8534	20	10000	11	6.5	-4.475
0	1	4	4	1	1	10	60	42	6	0	34	344	233	19	2	23	158	99	15	1	3	4	12	5	130	8770	19	10000	11	6.5	-4.925
0	2	5	8	2	2	11	42	31	6	4	17	312	204	17	2	22	145	118	10	1	4	14	11	4	116	8879	11	10000	11	6.5	-5.375
0	0	3	6	0	2	9	44	29	5	0	20	254	161	22	1	18	122	69	10	0	9	12	6	1	153	9035	9	10000	11	6.5	-5.825
1	3	3	2	3	0	3	31	31	7	2	16	189	141	10	1	14	122	67	8	0	2	9	10	2	160	9155	8	10000	11	6.5	-6.275
0	5	3	4	1	0	5	40	27	2	1	14	173	125	4	2	20	94	67	5	0	3	12	7	0	170	9208	8	10000	11	6.5	-6.725
0	2	4	1	0	1	2	25	21	3	2	18	148	104	14	0	5	63	54	9	1	3	6	4	2	174	9324	10	10000	11	6.5	-7.175
0	1	0	1	0	0	6	28	23	2	1	13	111	93	2	0	9	63	51	3	1	1	20	8	1	192	9364	6	10000	11	6.5	-7.625
0	0	2	1	2	1	6	24	19	2	0	12	106	73	6	1	4	66	41	5	0	4	10	8	0	246	9358	3	10000	11	6.5	-8.075
0	0	1	4	0	1	2	21	10	2	0	17	98	86	8	0	11	63	29	8	0	0	4	4	2	235	9389	5	10000	11	6.5	-8.525
0	0	2	2	0	0	2	13	13	0	0	8	79	80	4	1	6	56	31	2	0	4	5	2	1	295	9390	4	10000	11	6.5	-8.975
0	0	2	0	0	0	0	12	10	2	0	6	75	56	8	0	5	33	34	3	0	0	4	2	0	342	9399	7	10000	11	6.5	-9.425
0	1	1	0	0	0	4	8	16	0	3	12	77	42	2	0	7	30	26	1	0	1	3	4	0	351	9408	3	10000	11	6.5	-9.875
0	0	1	2	0	0	4	6	13	3	0	4	65	40	4	0	8	31	22	1	0	2	1	3	0	409	9379	2	10000	11	6.5	-10.325
0	0	0	0	0	1	2	9	6	1	1	7	40	41	2	0	2	25	18	1	0	1	3	1	0	492	9346	1	10000	11	6.5	-10.775
0	0	0	0	0	0	1	7	10	1	0	7	37	40	0	0	2	20	16	0	0	1	2	0	0	545	9308	3	10000	11	6.5	-11.225
0	0	1	0	2	0	2	8	6	0	1	5	41	33	1	0	4	26	8	2	0	0	1	4	2	621	9230	2	10000	11	6.5	-11.675
0	1	1	2	0	0	0	5	3	1	0	3	31	21	2	0	0	20	14	2	0	0	0	1	0	717	9175	1	10000	11	6.5	-12.125
0	0	0	1	0	0	1	7	3	0	0	3	23	12	1	0	2	15	13	2	0	0	2	0	0	797	9118	0	10000	11	6.5	-12.575
0	0	0	0	0	0	1	2	2	2	0	1	30	19	2	0	0	16	9	0	0	0	0	0	0	981	8935	0	10000	11	6.5	-13.025
0	2	1	0	0	0	0	4	4	0	0	4	22	11	1	0	1	9	3	2	0	0	0	2	0	1148	8784	2	10000	11	6.5	-13.475
0	0	0	0	0	0	0	3	4	0	0	0	13	14	1	0	0	11	6	0	0	0	1	2	0	1271	8673	1	10000	11	6.5	-13.925
0	1	0	0	0	0	0	1	1	0	1	5	15	9	2	0	1	10	5	0	0	0	0	0	1	1530	8417	1	10000	11	6.5	-14.375
0	0	0	1	0	1	0	0	0	1	0	0	15	12	0	0	2	7	11	0	0	1	0	0	0	1730	8218	1	10000	11	6.5	-14.825
0	0	0	2	0	0	0	4	2	0	0	2	11	5	0	0	4	8	1	0	0	0	0	0	1	1927	8033	0	10000	11	6.5	-15.275
0	0	1	0	0	0	0	1	1	0	0	0	11	6	2	0	1	3	5	0	0	0	1	0	0	2310	7658	0	10000	11	6.5	-15.725
0	0	0	1	1	0	0	0	1	0	0	0	5	6	2	0	1	3	3	0	0	0	0	1	0	2622	7351	3	10000	11	6.5	-16.175
0	0	0	0	0	0	0	2	0	0	0	2	11	3	0	0	0	4	2	0	0	0	0	1	0	3034	6940	1	10000	11	6.5	-16.625
0	0	0	0	0	0	0	2	3	0	1	0	2	3	0	0	0	8	5	0	0	2	0	2	0	3458	6514	0	10000	11	6.5	-17.075
0	0	0	0	0	0	0	2	0	0	1	1	5	6	1	0	0	1	4	0	0	0	0	0	0	4033	5946	0	10000	11	6.5	-17.525
0	0	0	0	0	0	0	0	1	0	0	0	3	1	0	0	1	1	0	0	0	0	0	0	0	4612	5381	0	10000	11	6.5	-17.975
0	0	0	0	0	0	0	2	0	0	0	0	2	0	0	0	1	1	0	0	0	0	0	0	0	5364	4630	0	10000	11	6.5	-18.425
0	0	0	0	0	0	0	1	1	0	0	0	3	3	1	0	0	0	1	0	0	0	0	0	0	6200	3790	0	10000	11	6.5	-18.875
0	0	0	0	0	0	0	0	0	0	0	0	1	1	0	0	0	0	2	1	0	0	0	0	0	6957	3038	0	10000	11	6.5	-19.325
0	0	0	0	0	0	0	0	0	0	0	0	2	1	1	0	1	1	0	0	0	0	0	0	0	7613	2381	0	10000	11	6.5	-19.775
