100	
3	10	34	25	7	12	87	370	285	38	26	284	3180	1460	117	32	247	1835	1014	95	6	44	148	115	24	376	0	126	10000	9	9.5	24.775
4	13	29	33	11	9	95	342	272	36	28	284	3222	1486	103	8	227	1788	1027	96	10	43	159	117	23	417	0	118	10000	9	9.5	24.325
3	9	40	31	8	8	85	345	256	31	25	278	3313	1411	104	25	227	1821	990	98	4	48	154	134	25	400	0	127	10000	9	9.5	23.875
0	14	36	27	11	16	86	353	275	38	25	307	3273	1392	111	20	223	1774	1045	94	9	38	171	127	14	404	0	117	10000	9	9.5	23.425
1	14	26	28	6	9	100	368	274	38	23	298	3183	1375	115	17	216	1849	1089	97	6	47	151	135	19	410	0	106	10000	9	9.5	22.975
1	12	46	24	9	11	84	337	263	49	19	244	3248	1458	104	11	245	1829	997	84	5	52	169	153	22	402	0	122	10000	9	9.5	22.525
3	10	33	30	5	11	78	309	258	32	23	268	3321	1448	121	18	225	1753	1036	84	5	50	193	149	33	402	0	102	10000	9	9.5	22.075
2	7	30	34	4	10	107	359	256	34	20	274	3244	1558	108	18	221	1765	996	89	7	44	174	139	22	368	0	110	10000	9	9.5	21.625
4	8	38	30	8	12	93	358	297	38	21	270	3180	1448	102	18	252	1830	1056	84	6	39	162	109	20	420	0	97	10000	9	9.5	21.175
0	8	26	28	8	13	96	353	277	35	16	274	3188	1491	105	19	227	1837	1009	89	4	51	147	131	18	419	0	131	10000	9	9.5	20.725
2	9	29	31	5	9	96	351	287	37	18	310	3154	1424	115	22	211	1827	1017	102	5	50	177	139	21	430	0	122	10000	9	9.5	20.275
1	10	18	25	8	10	101	310	287	48	22	308	3228	1383	106	10	245	1815	1062	99	7	41	167	137	20	419	0	113	10000	9	9.5	19.825
2	5	29	30	9	5	92	348	264	41	22	314	3193	1440	128	22	256	1787	1030	102	6	51	163	116	26	395	0	124	10000	9	9.5	19.375
0	14	31	25	4	9	72	351	272	40	17	286	3258	1454	110	26	271	1804	1004	82	8	41	162	126	23	407	0	103	10000	9	9.5	18.925
3	15	34	23	9	17	83	347	275	45	20	311	3219	1508	103	27	235	1754	994	81	8	53	149	137	21	419	0	110	10000	9	9.5	18.475
0	11	28	29	12	9	85	364	284	39	26	279	3234	1416	124	20	252	1901	982	87	4	56	157	116	25	366	0	94	10000	9	9.5	18.025
4	11	48	36	12	14	92	342	261	40	27	278	3179	1429	119	26	257	1846	975	85	5	57	182	107	31	406	0	131	10000	9	9.5	17.575
3	17	33	34	3	12	106	348	292	43	15	299	3154	1474	113	17	247	1790	977	98	6	47	168	142	20	423	0	119	10000	9	9.5	17.125
2	17	31	33	9	12	91	342	279	49	23	256	3202	1493	106	15	258	1769	1036	98	2	53	144	125	22	401	0	132	10000	9	9.5	16.675
0	10	32	33	9	11	91	365	266	62	27	308	3153	1456	108	19	257	1831	991	101	3	48	152	134	19	402	0	112	10000	9	9.5	16.225
1	9	29	27	6	9	86	335	279	32	19	300	3159	1511	122	22	226	1816	1028	104	5	53	162	108	16	419	0	117	10000	9	9.5	15.775
2	9	41	34	6	11	97	353	277	41	30	284	3176	1475	118	29	263	1830	1005	75	9	41	150	113	19	383	0	129	10000	9	9.5	15.325
3	9	28	30	8	12	99	352	285	46	18	311	3139	1425	114	22	249	1812	997	93	6	56	172	129	20	435	0	130	10000	9	9.5	14.875
1	6	29	28	9	6	86	377	283	45	23	283	3073	1512	95	21	261	1809	1027	92	2	48	169	139	27	398	0	151	10000	9	9.5	14.425
1	16	28	32	12	12	86	367	279	38	31	308	3104	1458	101	19	245	1751	1095	82	4	50	186	120	31	411	0	133	10000	9	9.5	13.975
4	8	35	20	3	9	113	355	292	33	15	328	3057	1532	91	16	242	1766	1067	105	7	40	136	145	21	438	0	122	10000	9	9.5	13.525
2	14	39	22	3	16	107	362	290	42	28	279	3089	1461	115	29	259	1849	1021	84	7	35	149	128	28	433	0	109	10000	9	9.5	13.075
3	18	32	24	6	12	83	349	264	41	22	315	3071	1485	110	29	240	1885	1004	102	3	55	150	164	15	405	0	113	10000	9	9.5	12.625
1	20	34	18	8	9	93	349	284	44	16	292	3029	1529	116	31	221	1865	1072	80	5	48	165	119	18	415	0	119	10000	9	9.5	12.175
1	8	33	23	7	10	96	366	278	41	23	316	3128	1477	106	16	247	1880	981	93	8	37	165	129	23	400	0	108	10000	9	9.5	11.725
1	16	38	37	4	14	116	400	284	39	25	298	3071	1459	108	23	267	1787	1021	98	2	49	165	144	22	396	0	116	10000	9	9.5	11.275
1	18	41	34	7	7	107	334	276	42	17	326	3083	1415	108	24	243	1814	1072	101	10	41	168	131	18	446	0	116	10000	9	9.5	10.825
2	10	35	36	2	11	94	390	267	50	23	305	3091	1458	112	16	264	1816	1001	86	8	41	165	122	27	452	0	116	10000	9	9.5	10.375
3	15	42	28	8	10	113	364	270	42	22	326	2946	1513	113	20	237	1858	1048	106	6	49	180	126	23	425	0	107	10000	9	9.5	9.925
1	15	29	31	6	6	107	346	297	54	26	310	3076	1501	100	21	226	1835	998	92	10	64	158	129	17	427	0	118	10000	9	9.5	9.475
2	7	36	28	11	8	95	342	307	42	24	309	3047	1535	127	19	253	1826	1043	74	9	51	159	98	20	407	0	121	10000	9	9.5	9.025
4	20	42	30	14	12	97	361	265	41	28	294	3072	1480	112	27	263	1837	967	91	10	60	180	133	23	409	0	128	10000	9	9.5	8.575
2	15	27	31	5	13	92	358	262	46	34	315	2922	1528	105	20	287	1863	1054	112	5	47	154	124	22	416	0	141	10000	9	9.5	8.125
3	15	27	32	3	9	116	380	257	44	29	333	3053	1448	101	15	288	1801	1049	93	11	52	159	117	18	423	0	124	10000	9	9.5	7.675
1	10	25	31	6	7	120	344	257	51	32	305	3023	1587	122	19	268	1769	971	106	9	62	149	115	40	458	0	113	10000	9	9.5	7.225
4	20	26	39	8	8	112	361	266	56	29	317	3059	1424	103	22	229	1834	1016	118	6	59	153	134	27	454	0	116	10000	9	9.5	6.775
2	9	35	28	6	15	100	357	326	38	28	319	2988	1501	87	26	247	1836	1031	87	11	51	170	136	19	413	0	134	10000	9	9.5	6.325
2	16	45	38	4	11	103	344	291	38	33	297	2974	1484	117	21	271	1920	983	90	8	50	204	122	17	401	0	116	10000	9	9.5	5.875
2	14	23	31	6	8	95	358	274	56	23	284	3074	1504	96	22	263	1850	1033	93	3	39	153	123	27	426	0	120	10000	9	9.5	5.425
0	18	39	38	9	9	92	381	279	43	23	309	2885	1551	109	17	273	1811	1074	111	4	59	174	140	24	407	0	121	10000	9	9.5	4.975
2	15	31	31	14	11	84	341	273	32	27	281	3026	1500	130	11	296	1879	987	99	0	57	173	110	23	443	0	124	10000	9	9.5	4.525
2	18	29	33	9	18	102	350	303	29	14	290	2968	1469	127	15	252	1878	1012	93	9	55	188	133	32	428	11	133	10000	9	9.5	4.075
0	13	26	35	3	11	99	341	314	38	18	326	2985	1508	129	22	236	1877	946	99	7	46	135	141	21	429	63	132	10000	9	9.5	3.625
3	15	29	33	5	14	115	394	271	36	23	315	2916	1439	127	14	235	1877	1031	98	3	55	144	109	16	387	186	110	10000	9	9.5	3.175
5	15	34	24	6	13	97	357	258	48	20	280	2913	1422	99	25	249	1743	1011	96	9	55	142	141	19	410	376	133	10000	9	9.5	2.725
1	11	28	23	2	12	88	354	243	35	26	296	2823	1426	107	11	243	1660	952	95	3	45	149	123	22	396	699	127	10000	9	9.5	2.275
1	10	33	36	3	9	89	321	262	48	24	248	2618	1306	104	19	225	1640	870	73	4	47	143	94	18	401	1243	111	10000	9	9.5	1.825
2	12	36	28	2	8	88	278	251	26	17	259	2495	1177	81	14	224	1487	833	78	4	30	143	106	27	335	1849	110	10000	9	9.5	1.375
4	6	26	17	5	3	72	251	191	38	14	240	2194	1198	67	10	205	1360	741	73	5	30	115	85	18	321	2621	90	10000	9	9.5	0.925
3	7	26	26	1	5	74	270	210	29	20	199	1969	932	62	15	145	1161	689	47	4	26	133	93	13	305	3451	85	10000	9	9.5	0.475
0	10	16	15	8	10	50	193	176	20	16	158	1633	836	70	13	135	1080	604	62	4	26	107	69	12	268	4329	80	10000	9	9.5	0.025
0	11	14	15	2	6	53	156	150	24	13	161	1405	742	59	11	141	890	507	45	1	23	70	49	10	211	5165	66	10000	9	9.5	-0.425
1	4	19	13	2	3	46	150	115	15	10	133	1160	652	44	11	108	804	418	35	1	12	80	59	14	200	5833	58	10000	9	9.5	-0.875
0	4	15	16	2	3	37	138	112	16	8	114	1078	543	36	6	89	630	388	34	2	19	64	50	6	184	6359	47	10000	9	9.5	-1.325
0	4	6	7	1	1	27	131	86	12	11	101	897	470	38	4	80	620	355	30	3	20	64	41	10	169	6781	31	10000	9	9.5	-1.775
0	3	8	6	3	4	25	113	65	12	6	69	794	420	21	3	86	535	276	29	4	16	43	33	3	126	7263	34	10000	9	9.5	-2.225
1	3	9	4	3	1	16	96	64	12	8	60	705	327	22	2	60	411	240	27	3	11	49	35	3	137	7664	27	10000	9	9.5	-2.675
0	2	9	3	2	1	25	73	57	7	5	70	600	294	29	4	62	365	218	16	2	7	38	33	4	134	7904	36	10000	9	9.5	-3.125
0	1	5	6	1	1	22	67	55	8	4	64	522	255	27	2	64	324	187	17	0	7	29	29	4	115	8164	20	10000	9	9.5	-3.575
0	4	6	1	1	3	12	56	44	6	3	54	456	214	20	4	37	268	160	9	1	6	25	22	5	124	8442	17	10000	9	9.5	-4.025
0	1	3	3	0	1	16	45	36	3	4	45	378	198	18	2	33	275	140	14	0	5	33	20	5	133	8574	15	10000	9	9.5	-4.475
0	2	4	1	0	3	9	55	19	2	3	35	328	186	18	4	34	200	125	16	3	8	24	14	4	118	8769	16	10000	9	9.5	-4.925
0	1	4	2	0	1	13	38	35	2	3	48	260	161	20	4	25	189	108	6	0	3	21	13	3	119	8910	11	10000	9	9.5	-5.375
0	2	3	0	0	1	11	31	24	5	3	41	243	143	11	0	26	162	96	5	0	2	18	15	2	154	8987	15	10000	9	9.5	-5.825
0	1	3	0	0	1	6	24	24	2	1	26	212	117	11	0	21	121	78	5	0	6	12	12	1	136	9175	5	10000	9	9.5	-6.275
0	2	2	2	1	1	6	29	14	3	2	17	185	108	4	0	19	119	61	11	0	2	7	8	0	178	9212	7	10000	9	9.5	-6.725
0	0	2	0	0	0	8	25	11	5	3	16	165	76	3	0	17	100	59	3	0	4	11	5	2	183	9294	8	10000	9	9.5	-7.175
0	0	1	3	0	1	3	21	11	1	2	16	125	73	5	0	13	95	70	4	0	3	10	7	1	174	9353	8	10000	9	9.5	-7.625
1	1	0	1	0	0	9	19	16	2	0	10	117	71	7	2	13	74	53	6	0	3	10	3	1	219	9357	5	10000	9	9.5	-8.075
0	0	1	1	0	0	3	16	12	3	2	10	104	65	3	1	10	53	53	2	0	1	8	7	0	237	9403	5	10000	9	9.5	-8.525
0	0	0	1	0	1	4	9	10	1	0	13	67	55	4	1	9	55	32	3	0	2	4	2	0	299	9426	2	10000	9	9.5	-8.975
0	0	0	0	0	0	5	11	7	0	1	7	79	40	3	0	5	50	32	2	0	1	6	3	1	335	9407	5	10000	9	9.5	-9.425
0	1	1	0	1	1	1	9	10	0	0	7	71	37	7	0	3	40	25	3	0	4	2	6	2	394	9371	4	10000	9	9.5	-9.875
1	0	0	0	0	0	0	9	6	2	1	7	50	32	3	0	6	39	22	1	0	0	1	5	0	420	9392	3	10000	9	9.5	-10.325
1	0	0	1	0	0	1	6	4	0	0	6	43	35	2	0	3	32	16	3	0	2	3	4	0	468	9370	0	10000	9	9.5	-10.775
0	0	1	2	0	0	3	10	2	4	0	5	34	20	2	0	2	24	25	5	0	1	0	4	0	576	9279	1	10000	9	9.5	-11.225
0	0	0	0	0	0	0	4	7	0	0	6	42	24	4	0	2	21	16	1	0	0	4	2	0	644	9223	0	10000	9	9.5	-11.675
0	0	0	0	0	0	1	2	8	1	1	2	34	18	3	1	3	22	16	2	0	3	2	0	0	728	9153	0	10000	9	9.5	-12.125
0	0	0	2	0	0	2	2	1	1	0	2	23	17	0	0	1	11	18	1	0	0	3	2	0	825	9088	1	10000	9	9.5	-12.575
0	0	0	1	0	0	2	5	1	1	0	2	24	15	0	0	3	15	8	1	0	0	1	1	0	987	8927	6	10000	9	9.5	-13.025
0	1	1	0	0	0	0	0	6	0	0	3	24	21	1	0	2	13	10	2	0	0	2	1	0	1122	8790	1	10000	9	9.5	-13.475
0	0	0	0	0	0	2	2	3	1	0	4	22	6	4	1	1	16	5	0	0	0	0	0	0	1255	8677	1	10000	9	9.5	-13.925
0	0	0	0	0	0	1	1	0	0	0	1	10	12	1	0	2	9	5	0	0	1	1	1	0	1459	8496	0	10000	9	9.5	-14.375
0	0	0	0	0	0	0	2	0	0	0	2	14	6	0	0	0	7	1	1	0	0	2	1	0	1689	8275	0	10000	9	9.5	-14.825
0	1	0	0	0	0	3	2	1	0	0	0	8	8	0	0	1	9	9	1	0	1	1	0	1	2003	7951	0	10000	9	9.5	-15.275
0	0	0	0	0	0	0	4	2	0	1	2	4	3	0	0	0	8	8	1	0	0	1	0	0	2290	7676	0	10000	9	9.5	-15.725
0	0	0	0	0	0	1	2	1	0	0	0	7	7	0	0	0	8	6	0	0	0	0	1	1	2659	7307	0	10000	9	9.5	-16.175
0	1	0	0	0	0	0	0	1	0	0	1	0	3	0	0	1	6	4	0	0	0	0	0	0	2959	7024	0	10000	9	9.5	-16.625
0	0	0	0	0	0	0	0	3	1	0	0	5	3	0	0	0	4	4	0	0	0	0	1	1	3481	6496	1	10000	9	9.5	-17.075
0	0	0	0	0	0	1	2	2	0	0	1	8	3	0	0	0	5	2	0	0	0	0	0	0	4077	5899	0	10000	9	9.5	-17.525
0	0	0	0	0	0	1	0	0	0	0	0	3	4	1	0	0	5	0	1	0	0	0	0	0	4612	5373	0	10000	9	9.5	-17.975
0	0	0	0	0	0	0	1	1	0	0	1	3	3	0	0	1	3	3	0	0	0	0	0	0	5422	4562	0	10000	9	9.5	-18.425
0	0	0	0	0	0	0	0	1	0	1	0	7	0	1	0	0	0	1	0	0	0	0	0	0	6152	3837	0	10000	9	9.5	-18.875
0	0	0	0	0	0	0	0	0	0	0	0	4	2	0	0	1	1	0	0	0	0	0	0	0	6949	3043	0	10000	9	9.5	-19.325
0	0	0	0	0	0	0	2	0	1	0	0	3	0	0	0	0	2	0	0	0	0	0	0	0	7723	2269	0	10000	9	9.5	-19.775
