100	
2	5	13	6	1	5	33	105	60	8	10	124	8504	227	21	14	84	434	147	11	2	15	30	21	4	93	0	21	10000	2	5	24.775
1	4	7	4	1	4	39	99	63	11	8	116	8528	216	24	6	83	401	168	15	3	16	29	20	2	94	0	38	10000	2	5	24.325
1	5	8	8	3	3	42	116	55	5	12	139	8363	253	17	6	105	462	171	16	3	13	29	22	4	100	0	39	10000	2	5	23.875
2	6	14	4	0	7	39	111	69	10	12	159	8333	250	11	12	101	473	184	11	4	18	39	21	3	85	0	22	10000	2	5	23.425
3	11	7	9	1	7	49	124	61	12	19	168	8179	288	14	9	118	488	186	14	1	20	41	27	3	106	0	35	10000	2	5	22.975
0	9	18	9	2	4	43	135	45	7	12	144	8344	237	19	5	115	449	165	18	4	16	45	24	3	98	0	30	10000	2	5	22.525
0	8	19	11	2	5	46	123	73	13	18	158	8253	266	17	6	96	510	160	12	1	10	40	19	4	104	0	26	10000	2	5	22.075
0	8	10	10	1	7	48	152	79	11	11	154	8209	272	16	9	97	509	157	23	2	21	42	23	5	91	0	33	10000	2	5	21.625
1	6	11	7	0	11	49	138	80	10	13	165	8096	296	28	13	103	531	186	18	3	15	38	31	5	109	0	37	10000	2	5	21.175
0	8	12	6	4	8	48	143	75	11	12	165	8111	281	9	4	131	532	159	18	3	19	50	30	5	105	0	51	10000	2	5	20.725
2	8	13	11	1	5	69	176	91	13	13	198	7770	369	13	6	150	600	223	14	4	20	49	24	2	121	0	35	10000	2	5	20.275
1	8	16	12	4	3	59	182	96	11	18	196	7671	371	26	7	155	611	225	18	3	28	54	31	6	134	0	54	10000	2	5	19.825
0	12	18	10	3	5	81	192	116	16	20	242	7394	405	33	11	168	707	237	30	2	25	49	37	3	141	0	43	10000	2	5	19.375
2	16	19	14	2	7	66	219	118	22	15	280	7293	391	28	19	182	708	237	25	3	24	62	35	2	160	0	51	10000	2	5	18.925
2	15	24	13	4	8	99	267	124	9	16	302	7050	426	35	16	162	789	249	23	4	35	60	46	5	158	0	59	10000	2	5	18.475
3	11	19	19	2	6	92	259	123	20	21	297	6881	492	33	15	216	828	266	24	4	35	69	37	7	168	0	53	10000	2	5	18.025
1	10	17	14	4	10	102	295	140	22	27	308	6634	500	43	12	233	854	323	28	3	36	66	47	8	199	0	64	10000	2	5	17.575
4	10	29	18	2	13	117	282	131	13	25	318	6515	515	41	14	233	966	311	31	2	37	59	43	5	200	0	66	10000	2	5	17.125
1	19	35	20	3	17	109	311	141	23	30	379	6327	532	46	23	210	941	320	38	6	38	78	56	5	219	0	73	10000	2	5	16.675
2	18	32	21	4	12	122	322	174	16	25	382	6283	555	48	15	234	961	334	32	8	30	60	51	8	176	0	75	10000	2	5	16.225
0	14	34	11	4	21	123	324	187	19	24	379	6074	570	42	19	241	964	360	41	7	48	98	36	8	281	0	71	10000	2	5	15.775
0	7	41	18	6	27	113	330	191	23	36	368	6019	605	39	17	267	1031	331	37	3	34	89	35	5	248	0	80	10000	2	5	15.325
1	18	29	21	1	18	114	360	186	19	29	393	5860	656	57	26	258	1021	370	31	7	45	95	56	8	236	0	85	10000	2	5	14.875
4	29	21	34	6	14	133	363	198	25	34	411	5629	701	57	21	270	1075	386	35	2	36	87	57	9	283	0	80	10000	2	5	14.425
6	24	40	13	3	23	141	393	192	32	25	421	5511	680	54	21	301	1109	403	30	5	48	91	61	9	267	0	97	10000	2	5	13.975
2	18	31	23	6	12	148	449	233	28	44	440	5394	664	40	34	304	1163	401	39	3	46	93	69	13	224	0	79	10000	2	5	13.525
1	16	35	20	3	16	147	455	190	20	31	485	5330	662	50	36	309	1170	409	48	6	50	77	52	12	273	0	97	10000	2	5	13.075
2	19	32	26	3	18	133	405	213	25	33	445	5264	713	46	40	338	1220	391	31	9	44	105	52	6	295	0	92	10000	2	5	12.625
4	24	43	25	5	21	154	453	246	31	38	436	5144	707	58	27	309	1212	449	39	5	40	94	56	14	269	0	97	10000	2	5	12.175
5	23	43	17	4	16	137	429	212	27	36	495	5189	771	52	21	292	1192	413	38	6	37	103	69	12	257	0	104	10000	2	5	11.725
4	18	36	27	4	26	148	438	202	26	37	524	5115	734	60	32	314	1232	414	35	6	55	83	44	6	281	0	99	10000	2	5	11.275
3	23	43	22	7	19	169	439	215	27	39	505	4943	785	66	31	307	1218	434	63	12	49	100	57	6	324	0	94	10000	2	5	10.825
1	30	51	23	5	24	167	414	224	28	25	525	4936	799	64	44	316	1292	421	37	5	50	87	57	9	264	0	102	10000	2	5	10.375
4	24	50	27	7	20	179	447	208	29	26	509	4984	724	50	35	327	1289	443	36	4	41	118	47	9	267	0	96	10000	2	5	9.925
4	16	38	20	7	13	167	469	204	26	36	508	4917	777	65	46	328	1212	410	45	7	60	130	70	10	320	0	95	10000	2	5	9.475
2	14	39	27	3	19	163	471	231	23	44	483	4866	772	45	29	317	1288	455	43	9	45	106	62	18	316	0	110	10000	2	5	9.025
2	25	57	22	8	18	165	480	215	21	33	509	4802	785	57	18	327	1339	440	41	6	53	108	60	7	286	0	116	10000	2	5	8.575
5	28	31	26	6	21	164	432	228	34	33	510	4827	813	45	24	329	1351	439	44	9	49	95	68	4	275	0	110	10000	2	5	8.125
4	24	41	19	9	19	188	465	218	29	34	496	4830	778	63	26	315	1274	460	41	2	57	115	68	10	316	0	99	10000	2	5	7.675
4	27	35	19	3	14	194	481	232	27	44	539	4700	790	51	35	316	1324	465	38	6	44	109	63	10	317	0	113	10000	2	5	7.225
3	26	39	33	3	16	185	466	268	39	29	510	4662	818	47	24	338	1290	479	54	5	57	121	65	17	303	0	103	10000	2	5	6.775
2	23	30	33	6	18	178	441	255	23	53	554	4679	772	66	40	345	1331	440	51	12	50	111	69	12	307	0	99	10000	2	5	6.325
3	16	46	31	6	19	184	463	235	28	42	503	4733	791	53	25	330	1344	439	40	9	53	123	59	12	282	0	131	10000	2	5	5.875
1	18	49	25	6	23	192	457	231	21	44	540	4706	796	53	28	308	1349	440	45	5	57	118	68	9	296	0	115	10000	2	5	5.425
4	26	41	30	4	17	192	510	233	36	36	575	4637	809	54	28	360	1287	447	46	3	49	91	55	9	306	0	115	10000	2	5	4.975
3	25	46	18	2	22	174	495	250	28	33	556	4657	833	67	34	373	1271	455	41	7	47	109	50	9	291	0	104	10000	2	5	4.525
3	26	42	32	10	19	190	471	238	23	31	531	4618	863	58	22	349	1322	446	39	5	65	99	68	19	302	13	96	10000	2	5	4.075
4	24	45	24	2	23	173	491	262	40	24	513	4638	835	58	30	344	1306	416	40	13	49	108	57	11	307	55	108	10000	2	5	3.625
2	23	44	30	4	25	168	560	249	35	29	528	4459	812	46	30	344	1286	447	52	8	50	95	69	9	347	150	99	10000	2	5	3.175
4	23	31	25	9	29	159	492	237	30	46	507	4449	781	47	34	337	1249	444	41	8	51	117	80	9	297	357	107	10000	2	5	2.725
3	21	37	24	6	11	154	434	212	28	33	545	4259	753	54	27	314	1207	438	47	9	54	102	66	5	338	730	89	10000	2	5	2.275
2	17	42	27	4	22	131	461	203	27	28	480	3987	713	39	31	294	1176	439	44	5	50	104	63	15	287	1209	100	10000	2	5	1.825
2	25	35	26	6	17	157	419	199	21	43	417	3598	642	53	28	291	1031	397	44	8	44	90	59	8	266	1970	104	10000	2	5	1.375
6	24	41	21	5	13	123	385	219	14	35	373	3263	622	41	25	284	962	336	47	3	35	101	45	13	216	2662	86	10000	2	5	0.925
4	17	22	9	1	19	101	321	160	28	28	365	3016	513	37	14	216	898	336	31	3	40	64	45	5	233	3407	67	10000	2	5	0.475
2	14	24	16	3	13	110	284	141	22	23	341	2461	533	29	16	199	756	307	27	4	40	72	42	6	195	4253	67	10000	2	5	0.025
1	8	17	14	3	12	95	242	135	13	23	272	2092	422	30	18	171	650	227	28	3	26	58	41	5	168	5172	54	10000	2	5	-0.425
1	9	20	13	1	10	93	215	104	15	14	249	1780	358	29	14	146	597	191	21	3	27	44	29	5	168	5798	46	10000	2	5	-0.875
1	6	22	16	5	18	67	175	86	6	16	186	1581	326	27	12	135	530	185	12	3	28	49	21	3	141	6295	48	10000	2	5	-1.325
1	7	11	10	1	5	64	162	89	11	14	171	1375	253	17	12	105	406	156	21	3	25	48	23	0	147	6825	38	10000	2	5	-1.775
0	9	18	9	0	5	46	139	91	4	15	170	1166	249	15	9	95	334	129	7	1	14	30	21	1	107	7276	40	10000	2	5	-2.225
1	3	10	9	1	7	40	114	55	6	9	130	1035	210	12	13	94	310	130	7	1	8	31	18	2	120	7595	29	10000	2	5	-2.675
1	6	7	5	1	6	37	113	48	11	8	99	877	189	12	7	71	273	86	12	2	10	17	18	3	88	7973	20	10000	2	5	-3.125
1	6	11	3	0	2	33	103	52	6	4	110	732	161	10	5	65	249	75	7	0	10	21	8	1	103	8206	16	10000	2	5	-3.575
0	3	6	2	1	2	34	94	39	5	6	84	604	135	7	3	49	204	52	9	3	12	22	14	2	115	8479	14	10000	2	5	-4.025
1	4	2	3	0	1	20	64	52	2	5	89	547	129	12	3	33	225	75	8	0	7	18	16	0	104	8549	31	10000	2	5	-4.475
1	1	3	3	2	2	25	61	28	4	5	78	504	110	6	3	55	152	55	4	0	7	18	8	3	106	8742	14	10000	2	5	-4.925
0	3	4	2	0	3	20	56	20	5	4	53	411	98	8	5	33	143	49	7	0	11	16	6	1	120	8908	14	10000	2	5	-5.375
1	1	5	4	1	2	10	45	31	4	1	65	337	93	8	3	35	130	41	6	2	1	17	7	0	140	8999	11	10000	2	5	-5.825
0	3	5	3	0	2	15	48	24	2	3	50	280	67	3	0	31	116	37	3	2	6	9	3	2	142	9135	9	10000	2	5	-6.275
0	1	5	2	1	1	16	35	18	1	0	35	277	47	2	2	25	87	28	2	0	5	6	6	0	153	9237	8	10000	2	5	-6.725
0	1	5	1	0	0	11	26	16	0	1	39	208	44	3	0	16	74	24	2	0	4	10	4	1	181	9324	5	10000	2	5	-7.175
0	1	4	0	0	0	12	26	12	3	0	24	189	47	1	0	22	73	31	5	0	2	2	3	1	172	9367	3	10000	2	5	-7.625
0	0	2	3	0	2	6	19	8	2	4	22	168	38	5	1	16	59	21	1	0	3	4	3	2	237	9371	3	10000	2	5	-8.075
0	1	0	2	0	2	6	25	10	2	1	28	137	20	3	0	11	69	28	1	0	2	2	1	0	229	9416	4	10000	2	5	-8.525
0	0	4	1	0	0	5	18	13	2	3	22	137	25	3	1	7	38	19	2	2	4	5	2	1	302	9382	2	10000	2	5	-8.975
0	1	1	1	0	0	4	17	11	1	1	17	103	32	0	1	8	42	11	2	1	2	3	0	0	338	9401	2	10000	2	5	-9.425
0	0	2	0	0	0	3	23	7	2	2	11	83	28	3	1	5	32	11	2	1	1	1	2	0	363	9412	5	10000	2	5	-9.875
0	2	1	0	0	1	10	12	12	1	1	18	83	20	2	3	3	22	14	3	1	3	4	1	0	407	9372	4	10000	2	5	-10.325
1	0	0	1	0	0	3	14	0	1	1	8	78	20	0	1	15	24	14	1	0	3	4	2	0	513	9295	1	10000	2	5	-10.775
0	0	0	1	0	0	1	6	9	0	3	7	47	15	1	0	6	30	14	3	0	0	2	2	1	518	9332	2	10000	2	5	-11.225
0	1	0	1	0	1	4	8	2	0	1	8	45	15	0	1	8	26	12	1	0	1	3	2	0	635	9224	1	10000	2	5	-11.675
0	0	0	0	0	0	1	11	1	0	0	7	51	15	2	0	6	15	8	1	0	0	1	1	1	770	9108	1	10000	2	5	-12.125
0	0	0	2	0	0	3	5	4	1	0	4	28	9	2	1	8	20	7	0	0	2	3	1	0	833	9063	4	10000	2	5	-12.575
0	0	2	0	0	0	0	1	3	0	1	6	36	11	0	1	2	24	6	0	0	2	2	0	0	974	8929	0	10000	2	5	-13.025
0	0	0	2	0	0	1	4	2	1	0	3	26	4	1	1	2	10	5	0	0	0	1	2	0	1088	8846	1	10000	2	5	-13.475
0	0	0	0	0	0	0	0	2	0	0	4	25	8	1	0	4	9	5	0	0	1	0	0	0	1314	8626	1	10000	2	5	-13.925
0	0	0	1	0	1	3	4	3	0	0	6	19	2	1	1	1	10	4	0	0	0	0	1	0	1448	8494	1	10000	2	5	-14.375
0	0	0	0	0	0	3	1	2	0	2	3	18	6	1	1	5	5	3	1	0	0	1	0	0	1730	8217	1	10000	2	5	-14.825
0	0	0	1	0	0	3	2	0	0	0	1	15	2	2	0	1	5	2	0	0	1	0	1	1	1963	8000	0	10000	2	5	-15.275
0	0	0	0	0	1	1	3	0	0	0	5	10	3	0	0	2	5	3	0	0	0	1	0	0	2196	7770	0	10000	2	5	-15.725
0	0	0	0	0	0	1	1	1	1	0	4	9	6	1	0	1	4	0	0	0	0	1	0	0	2637	7333	0	10000	2	5	-16.175
0	1	0	0	0	0	0	2	0	0	0	0	10	1	0	1	0	5	2	0	0	0	1	0	0	3065	6912	0	10000	2	5	-16.625
0	0	0	0	0	0	0	0	0	0	0	3	15	0	0	0	0	7	1	0	0	0	0	0	0	3532	6442	0	10000	2	5	-17.075
0	0	0	0	0	1	0	0	0	0	0	1	8	1	1	0	0	2	2	0	0	0	0	1	0	3936	6047	0	10000	2	5	-17.525
0	0	0	0	0	0	0	0	0	0	0	0	7	1	0	0	1	2	0	0	0	0	0	0	0	4572	5417	0	10000	2	5	-17.975
0	0	0	0	0	0	0	1	1	1	0	2	3	1	0	0	0	2	1	0	0	0	0	0	0	5351	4637	0	10000	2	5	-18.425
0	0	0	0	0	0	0	0	0	0	0	0	4	0	0	0	0	5	0	0	0	0	0	0	0	6148	3843	0	10000	2	5	-18.875
0	0	0	0	0	0	0	0	0	0	0	0	1	0	0	0	0	1	0	0	0	0	0	0	0	6972	3026	0	10000	2	5	-19.325
0	0	0	0	0	0	0	1	0	0	0	0	6	1	0	0	0	2	0	0	0	0	1	0	0	7601	2388	0	10000	2	5	-19.775
