100	
1	11	43	37	11	7	99	403	350	57	15	247	3162	1804	130	15	209	1432	987	120	5	23	121	145	21	416	0	129	10000	11	7.5	24.775
3	11	45	35	9	14	86	409	322	57	25	227	3096	1809	129	13	187	1465	1079	102	7	52	154	97	27	413	0	127	10000	11	7.5	24.325
2	17	33	32	8	10	102	404	355	63	21	250	3114	1875	118	5	192	1388	1076	102	4	34	127	123	25	388	0	132	10000	11	7.5	23.875
3	12	45	35	7	12	83	364	323	40	20	254	3150	1841	132	15	199	1459	1028	112	5	35	140	138	22	386	0	140	10000	11	7.5	23.425
0	12	26	34	8	9	100	358	317	65	23	269	3141	1810	120	17	181	1485	993	124	6	49	135	126	25	457	0	110	10000	11	7.5	22.975
0	13	45	31	10	8	68	385	310	63	15	250	3170	1845	133	18	194	1442	993	104	6	54	158	123	19	419	0	124	10000	11	7.5	22.525
1	12	36	37	8	11	100	401	335	51	17	237	3158	1816	132	25	192	1464	1020	109	3	31	120	116	22	426	0	120	10000	11	7.5	22.075
0	11	46	31	6	4	78	373	337	52	18	251	3176	1895	96	19	164	1483	992	107	1	41	115	131	25	426	0	122	10000	11	7.5	21.625
1	9	34	31	7	8	79	415	357	48	18	232	3147	1781	147	16	161	1513	1033	94	1	42	138	108	22	431	0	127	10000	11	7.5	21.175
1	8	32	37	10	10	104	381	347	53	26	247	3071	1876	144	15	180	1459	1059	94	3	32	151	120	22	407	0	111	10000	11	7.5	20.725
0	19	39	27	7	8	90	364	334	42	21	250	3110	1962	132	17	181	1479	1013	113	6	46	124	111	11	372	0	122	10000	11	7.5	20.275
2	14	35	43	10	9	94	399	346	36	16	247	3212	1794	133	15	190	1483	1024	104	4	47	140	110	18	356	0	119	10000	11	7.5	19.825
0	9	37	31	6	5	86	399	350	52	18	255	3204	1786	110	17	191	1489	1014	116	3	42	128	109	20	407	0	116	10000	11	7.5	19.375
3	13	36	40	6	13	86	388	367	49	11	229	3123	1815	133	8	213	1428	1100	99	6	34	156	104	21	390	0	129	10000	11	7.5	18.925
0	12	33	42	6	8	94	433	360	49	17	238	3179	1842	140	21	222	1457	905	83	6	47	141	118	16	400	0	131	10000	11	7.5	18.475
1	11	39	40	9	9	75	367	331	39	22	243	3135	1864	123	23	214	1452	1085	100	2	30	136	110	27	383	0	130	10000	11	7.5	18.025
1	10	35	40	12	10	94	375	360	54	25	264	3197	1811	112	14	191	1422	1041	108	4	42	143	101	17	401	0	116	10000	11	7.5	17.575
1	19	44	30	4	7	98	382	325	55	16	275	3116	1861	134	11	174	1463	1015	121	2	42	144	87	25	439	0	110	10000	11	7.5	17.125
1	22	37	42	8	4	82	416	321	50	15	271	3157	1821	132	16	196	1448	1006	90	5	39	141	124	19	423	0	114	10000	11	7.5	16.675
2	9	39	37	9	11	82	370	341	61	17	261	3041	1942	144	13	202	1483	1012	94	5	37	156	111	22	378	0	121	10000	11	7.5	16.225
1	14	41	28	6	11	91	376	359	58	13	271	3135	1865	130	10	197	1413	1028	103	2	43	136	108	25	426	0	110	10000	11	7.5	15.775
2	12	41	31	10	10	96	401	329	36	18	250	3078	1815	135	15	186	1512	1044	96	3	33	136	147	22	422	0	120	10000	11	7.5	15.325
1	11	65	37	11	4	78	414	329	55	19	247	3179	1887	116	7	208	1418	968	110	8	41	125	142	20	392	0	108	10000	11	7.5	14.875
1	15	40	31	6	16	79	432	325	52	24	260	3063	1944	148	18	177	1402	978	103	4	32	164	127	18	442	0	99	10000	11	7.5	14.425
0	12	32	38	4	8	105	392	355	63	19	225	3057	1885	132	13	209	1458	1054	119	3	39	151	110	23	372	0	122	10000	11	7.5	13.975
0	14	44	35	16	11	89	408	336	50	16	258	3067	1899	138	18	235	1421	1005	102	1	41	129	121	29	414	0	103	10000	11	7.5	13.525
5	17	44	30	7	12	100	416	350	59	30	245	3069	1750	136	21	218	1475	1026	103	1	42	149	134	25	418	0	118	10000	11	7.5	13.075
3	18	50	31	12	12	78	395	328	48	23	258	3028	1857	137	14	196	1506	1061	111	5	37	123	91	14	446	0	118	10000	11	7.5	12.625
0	11	40	37	11	9	70	404	305	51	13	281	3081	1851	138	18	204	1468	1015	122	4	36	136	121	18	443	0	113	10000	11	7.5	12.175
2	17	41	27	8	13	98	404	344	50	14	278	3058	1801	130	16	225	1456	1023	117	7	40	170	132	22	402	0	105	10000	11	7.5	11.725
5	21	31	33	11	8	82	407	377	61	16	286	3046	1862	141	25	179	1411	1021	105	3	30	144	122	19	423	0	131	10000	11	7.5	11.275
0	15	35	40	12	8	108	388	361	61	21	268	2926	1922	107	13	213	1499	1028	104	2	44	135	107	30	426	0	127	10000	11	7.5	10.825
1	15	39	31	7	10	91	414	371	56	24	281	2961	1852	153	17	229	1411	1089	101	5	45	127	122	21	425	0	102	10000	11	7.5	10.375
1	14	44	52	8	10	95	405	345	48	21	284	2981	1862	146	17	215	1457	1041	84	6	32	155	130	22	415	0	110	10000	11	7.5	9.925
4	16	42	29	6	8	99	414	352	57	22	244	2974	1865	148	17	194	1532	1033	109	7	34	140	109	17	402	0	126	10000	11	7.5	9.475
0	13	48	34	9	11	96	407	358	43	21	255	2995	1889	125	18	200	1436	1037	106	3	34	147	121	27	446	0	121	10000	11	7.5	9.025
0	15	37	27	9	5	92	434	376	52	17	247	3039	1855	113	18	201	1462	997	115	4	42	149	119	19	432	0	124	10000	11	7.5	8.575
1	16	37	35	12	18	88	423	358	55	19	257	3057	1838	149	16	194	1452	1039	81	4	45	138	131	19	393	0	125	10000	11	7.5	8.125
6	15	46	38	7	9	92	428	347	40	23	279	3025	1888	126	20	211	1430	1040	110	5	41	143	111	29	383	0	108	10000	11	7.5	7.675
1	16	36	42	10	6	97	422	381	58	20	264	2961	1812	143	18	225	1505	1040	108	1	47	131	104	30	402	0	120	10000	11	7.5	7.225
3	9	26	32	7	9	101	443	350	51	24	280	2908	1912	137	21	227	1456	1059	91	2	44	120	130	20	427	0	111	10000	11	7.5	6.775
1	9	37	28	10	10	98	416	337	66	21	297	2882	1834	136	20	218	1546	1044	85	6	51	134	136	20	424	0	134	10000	11	7.5	6.325
0	19	43	29	8	9	105	393	319	53	23	278	2995	1854	140	13	208	1487	1068	105	4	43	132	120	27	404	0	121	10000	11	7.5	5.875
2	16	37	37	8	8	110	424	362	52	22	288	2975	1819	127	19	209	1467	1021	117	1	40	131	119	28	445	0	116	10000	11	7.5	5.425
1	14	48	31	10	10	91	424	353	57	20	284	2927	1880	132	15	196	1493	1021	116	5	47	128	130	18	442	0	107	10000	11	7.5	4.975
6	13	46	35	6	9	100	425	338	51	20	276	3052	1812	155	18	189	1466	1021	113	6	44	143	132	26	380	2	116	10000	11	7.5	4.525
3	5	37	35	7	12	92	405	357	54	19	285	2927	1872	137	23	230	1451	1031	110	2	29	146	142	26	430	13	120	10000	11	7.5	4.075
0	15	46	29	5	7	97	412	380	43	16	252	2980	1778	151	25	196	1505	1031	108	4	42	153	106	20	432	62	105	10000	11	7.5	3.625
5	18	40	32	6	6	99	413	322	37	22	238	2931	1828	126	12	210	1515	1038	96	6	46	119	114	22	431	152	116	10000	11	7.5	3.175
0	16	43	31	13	12	97	401	322	53	17	250	2878	1738	123	16	196	1422	1058	91	4	45	152	98	17	387	403	117	10000	11	7.5	2.725
4	17	36	44	12	13	101	349	325	42	23	259	2710	1752	151	12	200	1357	952	108	3	33	133	122	14	383	732	113	10000	11	7.5	2.275
2	18	30	32	9	5	88	386	260	43	14	232	2693	1553	118	15	172	1294	922	76	4	44	128	104	19	372	1263	104	10000	11	7.5	1.825
3	10	35	29	9	7	78	349	289	52	13	196	2324	1502	103	10	156	1208	871	78	6	37	113	94	22	361	1935	110	10000	11	7.5	1.375
3	14	33	29	4	7	55	304	265	33	20	196	2150	1405	104	8	154	1137	773	87	2	30	81	97	24	302	2574	109	10000	11	7.5	0.925
1	9	31	15	7	9	54	303	216	37	9	152	1894	1256	111	7	136	905	683	63	3	21	86	81	12	279	3537	83	10000	11	7.5	0.475
1	13	27	20	6	11	45	229	196	24	15	168	1611	1084	84	7	106	876	599	63	3	28	66	48	20	280	4290	80	10000	11	7.5	0.025
2	3	14	15	2	5	49	192	159	26	13	124	1351	914	63	12	90	752	492	56	0	19	67	61	10	217	5221	71	10000	11	7.5	-0.425
0	9	11	12	1	4	36	176	140	26	7	117	1175	776	49	10	69	653	444	60	2	13	60	58	10	202	5837	43	10000	11	7.5	-0.875
1	8	17	17	2	3	40	163	133	25	13	102	1081	641	45	3	59	552	368	48	4	18	41	55	5	155	6362	39	10000	11	7.5	-1.325
0	3	19	16	3	6	24	128	121	17	6	100	879	572	43	3	67	437	335	30	0	6	52	38	4	162	6890	39	10000	11	7.5	-1.775
0	3	16	6	4	3	30	113	75	12	6	66	756	520	39	3	56	412	290	33	2	14	38	47	6	151	7258	41	10000	11	7.5	-2.225
0	2	10	10	3	2	23	92	95	13	8	63	688	459	25	6	46	351	208	26	2	11	37	40	8	124	7617	31	10000	11	7.5	-2.675
0	2	6	10	2	4	23	89	63	16	2	47	550	376	22	3	37	304	201	18	1	12	26	43	5	129	7989	20	10000	11	7.5	-3.125
0	1	6	8	2	1	18	69	66	12	5	46	488	306	27	1	44	233	186	21	1	8	21	19	4	131	8247	29	10000	11	7.5	-3.575
0	1	8	5	0	0	21	76	57	10	1	44	422	304	21	2	42	208	180	24	0	8	24	16	4	124	8380	18	10000	11	7.5	-4.025
0	1	4	6	2	3	14	60	50	3	3	34	342	256	25	5	16	206	148	13	0	7	22	19	9	119	8624	9	10000	11	7.5	-4.475
0	3	5	2	0	1	20	48	42	5	8	31	338	215	18	3	21	163	132	4	0	6	18	18	2	111	8767	19	10000	11	7.5	-4.925
0	1	9	5	2	1	8	36	44	2	0	27	270	190	18	0	17	146	95	10	0	6	20	12	2	149	8924	6	10000	11	7.5	-5.375
0	2	3	2	0	1	9	41	28	2	0	25	244	157	10	2	18	114	98	6	0	2	24	12	3	144	9049	4	10000	11	7.5	-5.825
0	3	5	4	1	1	10	36	24	4	1	19	210	140	13	1	23	115	81	5	2	1	14	13	2	132	9130	10	10000	11	7.5	-6.275
1	0	0	2	1	3	9	32	20	4	1	17	174	112	10	2	15	92	72	12	0	5	10	10	0	167	9220	9	10000	11	7.5	-6.725
0	1	1	0	2	1	4	24	19	2	2	18	160	114	8	2	13	91	71	8	0	0	9	8	1	167	9273	1	10000	11	7.5	-7.175
0	1	4	2	0	1	5	17	13	1	1	15	122	97	13	1	10	65	50	9	0	5	4	8	3	195	9350	8	10000	11	7.5	-7.625
0	1	0	2	0	1	8	16	21	2	1	8	112	78	6	1	3	67	55	8	0	0	5	2	0	220	9381	2	10000	11	7.5	-8.075
0	1	0	1	2	0	3	19	16	2	0	15	92	76	5	1	6	49	28	6	0	0	5	1	0	236	9431	5	10000	11	7.5	-8.525
0	0	0	0	0	0	4	17	14	3	1	7	77	58	4	2	9	49	37	9	0	1	3	5	0	297	9398	5	10000	11	7.5	-8.975
0	1	0	2	1	0	2	17	12	0	0	10	75	57	3	1	7	40	25	5	1	1	1	5	1	333	9396	4	10000	11	7.5	-9.425
0	0	2	0	1	0	2	10	6	0	0	5	52	51	4	0	10	38	29	7	0	4	2	2	1	377	9396	1	10000	11	7.5	-9.875
0	1	0	0	0	0	2	4	13	2	0	7	56	39	2	1	4	20	16	4	0	1	2	1	1	427	9395	2	10000	11	7.5	-10.325
0	0	0	1	1	0	1	6	9	2	0	4	35	33	3	0	2	21	17	3	0	3	5	3	1	465	9383	2	10000	11	7.5	-10.775
0	0	1	1	0	0	1	1	7	1	0	6	41	32	3	1	2	11	25	6	0	2	4	0	1	581	9271	2	10000	11	7.5	-11.225
0	0	0	0	0	0	0	5	4	0	1	1	36	29	1	1	5	19	12	0	0	1	1	2	0	640	9242	0	10000	11	7.5	-11.675
0	1	1	1	0	0	0	6	7	0	0	3	31	18	0	0	2	14	17	2	0	0	3	2	0	728	9164	0	10000	11	7.5	-12.125
0	0	0	0	0	0	1	3	8	0	0	2	25	16	2	0	2	7	15	2	0	2	1	2	2	854	9055	1	10000	11	7.5	-12.575
0	0	0	0	0	0	0	5	2	0	1	0	23	17	1	0	1	13	5	1	0	0	0	0	0	935	8996	0	10000	11	7.5	-13.025
0	0	1	0	0	0	0	1	3	0	0	4	28	22	1	0	1	12	5	2	0	1	0	0	0	1152	8764	3	10000	11	7.5	-13.475
0	0	0	0	0	0	2	6	5	1	0	3	14	21	1	0	2	8	7	1	0	0	0	0	0	1274	8652	3	10000	11	7.5	-13.925
0	1	0	0	0	0	1	1	1	2	0	2	13	11	0	0	1	5	6	0	0	0	1	1	0	1460	8493	1	10000	11	7.5	-14.375
0	0	0	1	0	0	0	2	0	1	0	0	15	10	0	0	2	8	6	0	0	1	0	0	0	1707	8247	0	10000	11	7.5	-14.825
0	0	0	0	0	0	2	0	0	0	0	1	10	10	0	1	0	7	7	2	0	0	0	0	0	2045	7914	1	10000	11	7.5	-15.275
0	0	0	0	0	0	1	3	5	0	0	0	7	9	0	0	0	7	3	1	0	0	0	0	0	2295	7669	0	10000	11	7.5	-15.725
0	0	0	0	0	0	0	4	1	0	0	1	11	5	0	0	1	6	3	1	0	0	1	0	0	2570	7396	0	10000	11	7.5	-16.175
0	0	0	0	1	0	0	1	1	0	1	1	8	6	0	0	0	3	1	0	0	1	0	0	1	3082	6893	0	10000	11	7.5	-16.625
0	0	0	0	0	0	2	2	0	0	0	0	5	2	0	0	1	5	3	0	0	0	0	1	0	3548	6431	0	10000	11	7.5	-17.075
0	0	0	0	0	0	0	0	2	0	0	1	4	2	0	0	0	1	2	0	0	0	1	0	0	4039	5948	0	10000	11	7.5	-17.525
0	0	0	0	0	0	0	1	0	0	0	0	4	0	0	0	0	1	3	0	0	0	1	0	0	4471	5519	0	10000	11	7.5	-17.975
0	0	0	0	0	0	0	1	0	0	0	0	3	4	0	0	0	2	0	0	0	1	0	0	0	5266	4723	0	10000	11	7.5	-18.425
0	0	0	0	0	0	0	0	0	0	0	1	1	3	0	0	0	1	1	0	0	0	0	0	0	6207	3786	0	10000	11	7.5	-18.875
0	0	0	0	0	0	0	0	1	0	0	0	5	1	0	0	0	1	0	0	0	0	0	0	0	6978	3014	0	10000	11	7.5	-19.325
0	0	0	0	0	0	0	0	1	0	0	0	1	0	0	0	0	0	1	0	0	0	0	0	0	7677	2320	0	10000	11	7.5	-19.775
