100	
2	6	6	7	2	6	39	89	37	5	11	127	8760	165	14	11	81	352	107	8	1	14	31	12	5	73	0	29	10000	0.5	5	24.775
1	5	4	5	1	2	45	83	37	2	11	133	8740	170	11	14	90	369	91	11	2	11	31	16	1	85	0	29	10000	0.5	5	24.325
1	3	8	3	0	7	39	91	45	10	12	154	8627	153	10	11	106	404	124	12	1	24	19	15	2	89	0	30	10000	0.5	5	23.875
0	6	7	7	1	5	55	93	47	4	8	158	8626	168	12	12	95	407	118	10	1	10	34	24	0	69	0	23	10000	0.5	5	23.425
1	3	7	3	1	9	44	119	42	6	14	167	8592	177	10	10	114	392	100	7	1	7	37	18	3	91	0	25	10000	0.5	5	22.975
0	4	13	10	0	8	49	108	40	3	13	153	8654	177	10	8	86	387	90	15	3	13	27	16	1	77	0	35	10000	0.5	5	22.525
1	9	13	8	2	3	45	109	45	8	9	164	8555	207	11	6	117	376	122	15	1	14	34	21	3	76	0	26	10000	0.5	5	22.075
1	4	6	11	0	3	53	87	62	7	13	181	8571	196	12	6	96	391	117	12	1	12	30	19	3	75	0	31	10000	0.5	5	21.625
1	4	8	7	1	5	44	127	47	6	16	163	8466	198	15	6	116	420	139	16	1	22	33	19	3	88	0	29	10000	0.5	5	21.175
1	6	10	4	3	2	37	119	49	6	8	187	8381	187	15	12	150	458	157	8	4	19	35	16	5	92	0	29	10000	0.5	5	20.725
1	4	8	12	0	11	57	138	56	9	15	185	8183	230	12	10	131	521	176	13	1	25	51	23	3	87	0	38	10000	0.5	5	20.275
1	6	17	8	2	12	69	145	74	10	10	239	8028	272	16	16	140	544	124	16	2	25	42	23	2	116	0	41	10000	0.5	5	19.825
3	15	9	7	2	4	63	164	84	11	23	266	7777	301	20	15	187	591	171	15	1	26	48	30	1	127	0	39	10000	0.5	5	19.375
5	13	20	9	0	10	83	183	87	10	16	277	7559	335	21	12	187	685	204	23	4	17	46	28	4	127	0	35	10000	0.5	5	18.925
1	12	14	12	3	14	92	237	79	15	22	305	7364	338	26	17	194	671	215	19	2	19	64	36	7	161	0	61	10000	0.5	5	18.475
6	13	26	15	1	6	85	252	120	13	25	316	7135	350	22	33	211	744	212	19	3	36	65	42	5	182	0	63	10000	0.5	5	18.025
3	23	30	17	4	12	99	258	121	14	12	318	6911	396	44	17	220	854	260	17	4	29	60	40	6	180	0	51	10000	0.5	5	17.575
2	13	22	9	4	14	110	280	113	10	20	362	6840	383	37	30	243	824	249	18	5	29	75	46	7	196	0	59	10000	0.5	5	17.125
1	13	28	9	6	15	101	285	154	19	31	362	6644	478	35	17	225	890	301	19	7	26	61	36	3	164	0	70	10000	0.5	5	16.675
5	16	37	13	1	11	126	333	130	21	39	427	6367	466	49	26	286	907	281	32	6	31	63	35	6	204	0	82	10000	0.5	5	16.225
3	22	28	20	2	17	131	307	129	14	37	440	6261	518	35	20	282	974	295	21	5	35	78	31	6	223	0	66	10000	0.5	5	15.775
4	13	26	20	2	12	141	341	134	12	33	465	6057	538	33	30	266	1052	296	34	5	39	76	48	5	222	0	96	10000	0.5	5	15.325
2	17	34	21	4	20	121	336	156	18	35	525	5908	510	42	34	316	1067	309	35	7	46	81	48	4	217	0	87	10000	0.5	5	14.875
2	21	24	17	3	21	137	383	174	27	26	488	5710	602	33	31	299	1069	336	42	10	41	100	43	9	267	0	85	10000	0.5	5	14.425
3	23	28	22	6	20	152	405	170	17	32	484	5666	545	30	21	291	1155	347	31	10	54	109	53	7	234	0	85	10000	0.5	5	13.975
4	24	34	24	4	16	148	389	176	16	31	496	5619	600	44	26	323	1118	336	28	4	51	95	52	5	258	0	79	10000	0.5	5	13.525
3	22	34	29	2	20	170	395	172	26	36	525	5478	562	41	35	315	1157	384	16	5	60	90	50	4	267	0	102	10000	0.5	5	13.075
2	22	25	15	3	15	152	388	167	22	41	564	5379	619	49	42	349	1173	369	39	11	51	84	72	13	248	0	86	10000	0.5	5	12.625
3	28	41	24	4	24	179	418	163	17	48	531	5327	595	45	34	380	1156	379	27	8	43	99	53	4	276	0	94	10000	0.5	5	12.175
4	24	36	22	6	27	152	435	204	22	32	578	5224	627	41	28	365	1152	389	40	4	49	101	49	8	275	0	106	10000	0.5	5	11.725
3	25	29	24	4	18	174	408	174	22	23	577	5102	680	48	22	374	1277	383	38	5	59	102	47	6	284	0	92	10000	0.5	5	11.275
3	21	36	30	2	19	152	422	195	32	55	583	5083	670	45	29	355	1237	377	26	8	51	110	67	5	272	0	115	10000	0.5	5	10.825
1	25	34	21	5	17	161	427	191	24	46	589	5089	655	56	37	360	1254	352	40	2	49	98	59	9	288	0	111	10000	0.5	5	10.375
6	16	32	27	4	22	188	442	208	25	53	596	4906	680	41	31	332	1280	399	46	11	62	123	51	14	304	0	101	10000	0.5	5	9.925
2	14	37	29	9	20	197	440	186	16	47	584	4967	658	49	32	384	1274	400	42	14	65	95	61	7	270	0	101	10000	0.5	5	9.475
4	20	42	24	7	26	187	441	225	22	41	563	4996	663	42	40	337	1267	427	43	3	51	101	50	6	278	0	94	10000	0.5	5	9.025
3	21	48	25	1	18	176	485	196	30	51	568	4898	679	42	29	409	1259	409	27	9	68	92	61	8	293	0	95	10000	0.5	5	8.575
4	21	41	21	7	28	175	462	201	22	50	592	4850	690	46	33	348	1308	428	41	8	54	94	59	4	308	0	105	10000	0.5	5	8.125
3	25	48	27	6	27	179	435	215	30	27	617	4862	693	48	23	370	1288	397	46	9	49	112	53	8	304	0	99	10000	0.5	5	7.675
5	29	36	25	8	27	198	454	228	22	53	600	4835	708	50	33	363	1298	380	37	3	55	102	54	9	299	0	89	10000	0.5	5	7.225
3	33	35	22	8	17	182	453	197	21	42	632	4789	684	51	37	358	1346	390	41	7	61	104	61	8	310	0	108	10000	0.5	5	6.775
2	18	34	23	6	23	163	467	224	17	49	641	4823	722	52	35	386	1254	381	32	10	51	89	69	6	319	0	104	10000	0.5	5	6.325
5	32	43	30	7	17	200	460	225	30	56	589	4687	722	48	33	406	1344	378	33	6	54	130	59	7	296	0	103	10000	0.5	5	5.875
5	23	41	38	8	22	163	453	187	23	44	620	4717	689	48	28	404	1362	376	41	10	58	108	63	5	344	0	120	10000	0.5	5	5.425
8	23	47	27	5	29	172	449	188	23	46	633	4834	669	52	31	391	1273	378	42	8	65	119	64	4	307	0	113	10000	0.5	5	4.975
5	21	33	25	6	18	238	488	227	32	38	614	4630	731	41	39	358	1340	403	42	4	60	134	60	10	291	1	111	10000	0.5	5	4.525
6	24	39	23	5	32	189	476	236	27	48	633	4643	685	66	25	389	1343	445	43	8	45	118	47	6	295	9	95	10000	0.5	5	4.075
3	27	44	33	1	18	177	516	199	31	48	601	4716	702	50	36	374	1312	412	41	3	64	94	55	8	277	44	114	10000	0.5	5	3.625
2	22	33	28	3	24	206	442	206	22	45	605	4652	664	59	34	395	1284	392	34	4	61	122	51	12	337	155	106	10000	0.5	5	3.175
2	28	42	28	9	19	173	468	212	17	35	592	4441	684	55	41	388	1304	401	38	9	63	112	63	8	320	366	82	10000	0.5	5	2.725
3	27	41	17	9	22	191	450	187	22	51	594	4383	622	36	28	371	1230	344	40	7	60	89	55	5	273	716	127	10000	0.5	5	2.275
4	19	42	27	6	30	143	474	198	26	35	589	4072	583	36	26	357	1102	348	32	4	33	92	61	6	313	1232	110	10000	0.5	5	1.825
3	22	24	24	3	20	159	440	189	26	39	527	3745	562	43	33	315	1062	335	36	8	37	78	49	8	253	1871	89	10000	0.5	5	1.375
5	23	35	31	3	28	152	399	150	21	40	450	3332	500	32	24	320	1008	290	29	2	45	73	44	7	220	2636	101	10000	0.5	5	0.925
4	17	32	24	0	17	128	337	135	17	31	412	2822	490	46	19	261	935	278	19	2	29	92	50	7	205	3504	87	10000	0.5	5	0.475
1	13	17	16	3	12	117	286	138	12	24	393	2610	434	31	15	235	772	236	21	4	28	59	46	2	191	4224	60	10000	0.5	5	0.025
3	13	15	14	8	13	85	234	116	14	17	308	2137	338	20	16	187	628	223	23	4	33	65	22	5	175	5217	67	10000	0.5	5	-0.425
4	15	20	6	0	12	92	197	108	12	17	283	1827	308	26	12	174	565	156	16	6	24	47	24	7	159	5845	38	10000	0.5	5	-0.875
3	10	15	7	2	7	69	191	81	9	17	241	1532	278	22	16	123	502	148	14	1	23	51	21	5	149	6413	50	10000	0.5	5	-1.325
1	9	19	6	2	8	64	184	75	9	14	225	1309	238	11	11	108	415	154	10	5	16	30	15	2	132	6886	42	10000	0.5	5	-1.775
1	6	10	8	1	6	49	139	54	5	16	166	1205	212	19	13	122	380	120	16	0	10	31	11	3	130	7236	31	10000	0.5	5	-2.225
1	3	21	7	1	8	45	116	54	3	14	163	1004	178	11	11	87	316	104	4	4	19	25	22	4	104	7650	21	10000	0.5	5	-2.675
0	3	15	6	0	7	41	96	64	5	15	147	909	167	13	5	79	286	93	11	3	13	18	13	3	120	7843	25	10000	0.5	5	-3.125
2	12	10	6	0	4	33	78	49	4	12	122	730	145	8	5	75	240	85	9	0	5	34	13	3	120	8177	19	10000	0.5	5	-3.575
1	2	8	8	0	5	32	78	43	5	6	96	613	114	10	9	72	238	66	4	1	9	21	13	2	111	8417	16	10000	0.5	5	-4.025
0	3	6	3	1	4	24	75	23	4	7	108	561	114	9	3	56	187	58	9	5	9	13	6	0	97	8596	19	10000	0.5	5	-4.475
1	3	6	4	0	2	22	62	33	3	6	77	471	97	4	2	44	151	52	2	1	3	13	9	2	115	8798	17	10000	0.5	5	-4.925
1	3	5	3	0	0	26	51	28	3	3	73	407	88	7	6	50	134	44	6	1	11	18	6	3	137	8879	7	10000	0.5	5	-5.375
1	3	3	2	1	1	18	44	23	7	7	63	358	65	7	3	42	124	39	6	0	1	8	4	0	137	9023	10	10000	0.5	5	-5.825
0	2	3	0	1	2	12	40	18	2	3	51	297	56	7	2	23	123	34	2	1	4	12	4	1	132	9159	9	10000	0.5	5	-6.275
0	1	1	3	0	1	7	38	16	3	6	53	255	58	3	2	28	82	29	1	1	1	4	7	1	159	9232	8	10000	0.5	5	-6.725
0	2	2	5	1	1	10	36	15	3	3	30	224	42	6	2	21	84	34	1	0	0	8	4	1	165	9290	10	10000	0.5	5	-7.175
0	1	4	3	0	0	13	28	12	0	3	44	184	40	4	6	15	72	14	2	2	4	3	2	0	179	9358	7	10000	0.5	5	-7.625
0	3	3	4	0	1	7	22	15	2	3	36	157	30	5	1	20	56	18	4	0	2	7	3	1	225	9370	5	10000	0.5	5	-8.075
0	0	2	1	0	0	9	17	9	2	1	18	127	25	1	2	15	44	18	1	0	0	4	3	0	260	9438	3	10000	0.5	5	-8.525
0	1	1	0	0	1	7	18	8	0	6	31	123	24	2	1	13	58	20	2	0	1	6	1	1	269	9403	3	10000	0.5	5	-8.975
0	1	0	0	0	0	7	21	4	1	1	17	103	21	3	0	8	38	12	1	0	0	2	2	0	323	9433	2	10000	0.5	5	-9.425
0	0	3	0	0	1	6	23	6	1	1	13	95	15	1	1	4	32	13	3	0	1	4	0	0	352	9424	1	10000	0.5	5	-9.875
0	1	3	1	0	1	7	12	2	2	1	9	68	19	1	1	3	30	14	2	0	0	4	1	0	403	9414	1	10000	0.5	5	-10.325
0	1	1	1	0	2	5	17	7	1	1	14	62	15	2	1	10	27	8	1	0	1	1	0	0	476	9345	1	10000	0.5	5	-10.775
0	0	1	1	0	0	6	11	0	1	1	10	65	9	3	0	8	22	2	4	0	1	2	1	0	499	9353	0	10000	0.5	5	-11.225
0	0	0	0	0	0	1	5	4	0	3	11	49	14	0	2	6	25	9	1	0	2	4	0	2	646	9215	1	10000	0.5	5	-11.675
0	1	0	0	0	0	3	6	3	1	2	11	44	10	3	0	7	16	5	1	0	1	1	0	0	736	9148	1	10000	0.5	5	-12.125
0	0	0	2	0	0	3	8	1	0	0	8	44	5	0	0	5	9	3	2	0	2	3	1	1	848	9054	1	10000	0.5	5	-12.575
0	1	0	0	0	0	0	6	4	1	0	8	33	5	2	0	3	14	4	0	0	1	0	1	0	985	8932	0	10000	0.5	5	-13.025
0	1	0	0	0	0	2	2	2	0	1	3	23	3	1	1	2	9	8	0	0	0	0	0	0	1110	8832	0	10000	0.5	5	-13.475
0	1	0	0	0	0	2	3	2	0	0	4	25	9	1	0	4	1	8	1	0	1	0	0	0	1333	8605	0	10000	0.5	5	-13.925
0	0	0	0	0	0	2	6	1	1	0	6	20	13	2	0	1	7	1	0	0	0	1	0	0	1477	8461	1	10000	0.5	5	-14.375
0	0	0	0	0	0	0	7	2	0	0	1	19	2	0	0	0	9	0	1	0	0	1	0	0	1680	8278	0	10000	0.5	5	-14.825
0	0	0	0	0	0	0	1	1	0	1	3	16	2	0	0	3	6	1	1	0	1	1	1	0	1996	7965	1	10000	0.5	5	-15.275
0	0	0	0	0	0	1	3	1	0	1	1	17	5	0	0	1	8	3	0	0	1	0	0	0	2306	7652	0	10000	0.5	5	-15.725
0	0	0	0	0	0	1	1	1	0	0	3	11	4	0	1	2	6	1	0	0	0	0	0	0	2595	7374	0	10000	0.5	5	-16.175
0	1	0	0	0	0	0	2	0	0	0	0	10	4	0	0	1	2	3	0	0	0	0	0	0	3037	6940	0	10000	0.5	5	-16.625
0	0	0	1	0	0	1	1	2	0	0	0	7	2	0	1	0	7	0	0	0	1	0	0	0	3533	6444	0	10000	0.5	5	-17.075
0	1	0	0	0	0	0	1	1	0	0	1	4	3	0	0	0	1	2	0	0	1	1	1	0	3945	6038	0	10000	0.5	5	-17.525
0	0	0	2	0	0	0	0	0	1	0	2	7	2	0	0	1	3	1	2	0	0	0	0	0	4557	5422	0	10000	0.5	5	-17.975
0	0	0	0	0	0	0	0	0	0	0	0	5	1	0	0	0	1	0	0	0	0	0	0	0	5408	4585	0	10000	0.5	5	-18.425
0	0	0	0	0	0	0	2	1	0	0	0	4	2	0	1	1	1	2	0	0	0	0	0	0	6132	3853	1	10000	0.5	5	-18.875
1	0	0	1	0	0	0	1	1	0	0	1	2	0	0	0	0	3	3	0	0	0	0	0	0	6973	3014	0	10000	0.5	5	-19.325
0	0	0	0	0	0	0	0	0	0	0	0	1	0	0	0	1	2	0	0	0	0	0	0	0	7710	2286	0	10000	0.5	5	-19.775
