100	
3	9	24	21	4	10	102	348	230	23	26	306	3586	1242	101	20	286	1922	841	73	8	58	157	109	18	362	0	111	10000	7	9.5	24.775
3	15	18	25	4	12	95	334	254	36	28	328	3702	1166	92	16	257	1857	860	66	4	63	158	117	16	363	0	111	10000	7	9.5	24.325
4	12	22	24	9	18	122	336	235	25	29	311	3652	1203	82	29	258	1899	871	81	7	45	158	103	18	343	0	104	10000	7	9.5	23.875
3	17	30	26	7	9	106	308	226	31	21	308	3654	1245	80	25	294	1868	816	68	7	52	165	101	18	400	0	115	10000	7	9.5	23.425
2	16	30	26	7	12	86	337	235	44	18	321	3593	1222	84	19	287	1919	841	67	12	40	146	114	17	367	0	138	10000	7	9.5	22.975
4	11	28	23	5	11	90	361	233	27	26	338	3445	1269	88	19	292	1936	883	74	5	53	148	102	19	395	0	115	10000	7	9.5	22.525
3	12	33	28	6	8	92	332	233	33	30	335	3649	1178	94	17	292	1899	822	69	6	62	137	92	20	387	0	131	10000	7	9.5	22.075
3	17	38	38	8	16	116	346	227	35	22	355	3518	1175	109	25	299	1906	826	77	6	44	158	117	21	384	0	114	10000	7	9.5	21.625
0	10	34	23	12	11	104	305	218	36	24	318	3680	1192	94	16	266	1893	841	88	7	57	149	118	15	361	0	128	10000	7	9.5	21.175
1	13	33	26	9	9	88	334	249	37	22	324	3646	1228	104	17	293	1835	850	73	3	38	176	104	16	364	0	108	10000	7	9.5	20.725
1	14	33	28	3	6	101	290	224	37	19	291	3680	1241	85	15	269	1902	881	83	6	39	165	109	17	360	0	101	10000	7	9.5	20.275
1	14	31	24	5	15	110	332	191	34	33	340	3583	1199	96	22	282	1877	865	96	4	50	164	116	16	382	0	118	10000	7	9.5	19.825
2	10	32	22	4	11	93	298	224	34	25	303	3626	1203	104	22	300	1891	865	78	4	46	176	122	21	361	0	123	10000	7	9.5	19.375
2	19	34	29	5	11	91	332	241	40	29	315	3538	1217	85	24	286	1872	877	83	4	55	176	129	12	374	0	120	10000	7	9.5	18.925
1	18	30	23	4	10	87	323	223	37	25	313	3583	1172	112	19	265	1918	919	106	6	50	168	108	15	352	0	113	10000	7	9.5	18.475
2	17	29	31	3	6	95	363	255	42	22	354	3461	1189	95	20	292	1942	865	91	4	45	158	114	19	369	0	117	10000	7	9.5	18.025
3	14	25	26	7	8	111	343	221	39	23	336	3546	1206	99	26	268	1942	849	87	4	54	133	121	14	399	0	96	10000	7	9.5	17.575
2	9	34	23	4	13	99	341	226	34	33	314	3584	1160	103	32	284	1887	878	93	8	45	160	109	25	389	0	111	10000	7	9.5	17.125
2	21	30	23	10	15	98	350	239	30	23	309	3553	1160	75	26	259	1945	894	71	9	55	161	104	25	389	0	124	10000	7	9.5	16.675
0	14	45	20	6	10	86	305	241	29	21	343	3576	1213	92	14	290	1906	882	76	7	44	151	122	20	355	0	132	10000	7	9.5	16.225
2	15	32	18	7	10	106	340	270	37	27	324	3473	1219	93	28	264	1900	870	88	2	60	145	128	25	386	0	131	10000	7	9.5	15.775
1	18	28	28	2	11	91	354	247	39	27	355	3387	1213	113	25	296	1885	931	87	5	52	154	116	22	379	1	133	10000	7	9.5	15.325
2	9	21	24	6	9	105	307	275	41	25	332	3430	1220	102	30	315	1903	894	80	7	52	160	127	24	388	0	112	10000	7	9.5	14.875
0	11	25	20	1	14	106	333	241	35	24	300	3501	1266	94	23	310	1883	913	89	5	41	166	110	9	382	0	98	10000	7	9.5	14.425
1	12	33	36	8	11	117	360	234	34	34	338	3360	1250	98	21	278	1913	904	73	8	55	163	122	30	371	0	136	10000	7	9.5	13.975
7	13	24	32	9	7	109	314	217	35	24	376	3383	1229	96	28	303	1942	891	89	6	46	173	110	17	388	0	132	10000	7	9.5	13.525
2	14	41	27	8	20	91	337	255	38	26	365	3410	1263	82	21	302	1884	855	85	8	51	182	132	13	379	0	109	10000	7	9.5	13.075
3	9	20	34	8	19	109	372	236	44	18	360	3400	1224	97	26	310	1882	874	72	3	49	171	126	21	401	0	112	10000	7	9.5	12.625
2	14	37	30	5	18	111	356	213	39	20	365	3450	1251	95	34	280	1912	878	71	8	41	156	127	12	366	0	109	10000	7	9.5	12.175
1	15	33	22	5	11	103	331	267	42	25	326	3258	1267	104	21	273	1982	926	81	5	59	174	108	13	433	0	115	10000	7	9.5	11.725
4	19	28	25	3	19	109	352	270	39	26	357	3322	1240	83	25	314	1912	891	88	6	57	159	107	17	414	0	114	10000	7	9.5	11.275
1	13	35	27	5	10	96	342	295	39	31	352	3304	1273	97	18	286	1994	859	74	3	58	149	110	19	385	0	125	10000	7	9.5	10.825
3	12	39	30	4	12	124	372	282	32	28	321	3313	1214	100	24	278	1996	898	93	8	54	151	109	17	369	0	117	10000	7	9.5	10.375
1	13	32	35	2	14	100	379	258	36	20	377	3339	1270	87	17	319	1890	835	83	4	60	152	123	15	419	0	120	10000	7	9.5	9.925
2	11	30	22	5	16	121	342	260	40	26	369	3292	1296	90	26	287	1938	885	96	7	56	144	119	23	382	0	115	10000	7	9.5	9.475
1	11	37	28	5	14	115	341	238	34	28	343	3323	1269	88	16	281	1946	945	85	7	38	184	147	21	356	0	99	10000	7	9.5	9.025
2	16	28	27	4	17	97	334	278	36	31	358	3360	1271	87	31	316	1875	913	70	10	58	174	120	12	357	0	118	10000	7	9.5	8.575
3	15	41	31	5	17	123	342	280	31	22	335	3262	1301	108	18	263	1927	925	89	8	44	168	113	14	400	0	115	10000	7	9.5	8.125
3	10	33	28	4	10	112	340	247	33	32	363	3394	1320	90	18	275	1899	877	61	3	47	158	107	26	402	0	108	10000	7	9.5	7.675
0	14	32	31	4	11	119	369	267	31	32	366	3239	1199	96	29	358	1973	883	89	10	57	175	101	21	383	0	111	10000	7	9.5	7.225
1	18	41	25	4	20	100	365	252	32	24	350	3288	1234	90	31	305	1863	943	88	4	59	183	133	23	408	0	116	10000	7	9.5	6.775
2	19	28	28	5	15	113	340	252	25	26	343	3336	1247	99	25	289	1897	951	75	5	60	144	127	13	416	0	120	10000	7	9.5	6.325
6	14	38	31	3	11	87	372	284	39	29	372	3223	1276	101	22	295	1949	878	89	5	61	147	134	26	411	0	97	10000	7	9.5	5.875
1	8	33	34	5	16	109	356	251	26	28	367	3254	1212	71	24	314	1915	929	86	3	83	170	114	14	442	0	135	10000	7	9.5	5.425
4	14	28	24	8	14	101	387	260	38	31	341	3229	1301	105	20	299	1940	929	71	4	43	171	108	15	392	0	123	10000	7	9.5	4.975
5	10	35	21	6	8	122	344	243	43	31	357	3269	1272	91	31	301	1972	868	89	5	39	164	120	16	409	2	127	10000	7	9.5	4.525
0	12	30	28	7	14	109	373	257	39	38	382	3266	1276	85	19	298	1900	873	77	5	65	153	122	17	417	9	129	10000	7	9.5	4.075
1	7	41	25	8	11	127	369	236	39	36	393	3241	1246	93	19	317	1856	915	94	9	55	172	127	15	379	62	107	10000	7	9.5	3.625
4	20	31	34	9	17	114	362	262	35	27	376	3196	1231	94	27	290	1851	906	75	3	52	151	106	15	413	161	138	10000	7	9.5	3.175
2	9	37	26	4	13	108	373	265	33	32	339	3072	1208	97	30	266	1947	822	72	6	42	154	130	17	388	402	106	10000	7	9.5	2.725
1	10	35	19	3	11	103	316	250	32	23	321	3032	1202	69	21	275	1867	794	72	6	51	154	101	28	382	712	110	10000	7	9.5	2.275
4	15	25	22	1	11	81	334	237	21	17	291	2802	1107	81	25	269	1746	793	58	6	42	140	103	12	382	1249	126	10000	7	9.5	1.825
1	11	34	15	2	12	92	286	205	36	22	304	2527	1085	70	16	226	1593	730	69	7	56	142	87	8	334	1928	102	10000	7	9.5	1.375
0	8	26	17	5	12	79	274	184	25	12	274	2397	900	68	21	224	1381	713	70	5	50	115	93	14	289	2658	86	10000	7	9.5	0.925
4	8	13	22	3	14	80	259	169	26	16	252	2024	828	74	29	186	1208	632	51	1	28	114	85	13	263	3510	88	10000	7	9.5	0.475
3	9	16	15	4	15	58	209	148	16	18	196	1800	728	49	17	172	1159	493	49	3	27	77	72	6	259	4313	69	10000	7	9.5	0.025
1	8	20	17	0	2	63	183	120	22	17	161	1482	598	52	10	149	910	428	51	2	20	84	72	11	204	5253	60	10000	7	9.5	-0.425
1	4	17	12	2	2	43	159	102	10	7	154	1300	529	33	11	129	827	401	33	2	27	90	61	13	184	5797	50	10000	7	9.5	-0.875
3	4	9	8	7	4	41	120	85	24	6	149	1158	449	30	12	117	706	291	26	1	15	53	48	8	175	6411	40	10000	7	9.5	-1.325
1	3	10	8	0	7	37	128	103	17	11	138	984	396	34	11	101	586	283	27	2	17	62	59	5	154	6775	41	10000	7	9.5	-1.775
1	4	8	6	3	2	35	99	67	7	12	112	836	325	32	6	76	531	238	26	7	18	45	26	7	144	7296	31	10000	7	9.5	-2.225
0	4	7	8	3	1	29	81	51	10	12	87	694	287	21	7	83	421	225	16	2	16	38	23	9	129	7707	29	10000	7	9.5	-2.675
0	6	7	6	4	5	19	66	46	7	6	70	616	289	24	10	68	395	198	17	0	17	37	26	5	131	7906	19	10000	7	9.5	-3.125
0	1	3	5	2	1	26	74	43	9	4	57	554	227	14	3	54	334	170	20	1	10	29	18	3	108	8208	22	10000	7	9.5	-3.575
2	2	7	4	0	2	15	52	43	3	6	48	471	192	20	2	33	303	139	16	1	16	30	23	1	118	8424	27	10000	7	9.5	-4.025
0	3	4	6	1	1	19	58	39	6	4	43	369	179	16	1	36	241	131	13	1	4	16	18	2	107	8668	14	10000	7	9.5	-4.475
0	2	1	0	0	0	14	38	32	4	1	31	331	147	18	6	38	243	115	13	0	8	25	13	4	136	8769	11	10000	7	9.5	-4.925
0	3	4	3	0	0	9	34	26	5	5	40	305	120	4	6	33	189	84	10	0	8	20	10	2	129	8942	9	10000	7	9.5	-5.375
0	1	4	5	2	0	10	30	30	0	3	37	251	112	10	1	33	157	93	11	1	5	10	12	1	140	9028	13	10000	7	9.5	-5.825
0	1	1	0	0	4	12	25	19	3	3	39	237	119	10	4	18	153	69	6	0	3	10	7	2	158	9086	11	10000	7	9.5	-6.275
0	1	2	2	1	2	8	31	17	1	2	23	205	95	6	0	14	103	66	7	0	3	9	9	1	156	9228	8	10000	7	9.5	-6.725
0	1	4	3	1	0	7	19	13	5	2	24	170	71	13	1	16	95	65	4	1	5	13	8	0	179	9270	10	10000	7	9.5	-7.175
0	0	1	0	0	0	6	24	21	2	4	20	126	76	4	0	16	100	42	2	0	3	4	7	0	186	9350	6	10000	7	9.5	-7.625
0	0	3	0	0	1	4	17	14	1	0	16	115	52	2	1	13	72	44	7	0	4	3	6	0	220	9401	4	10000	7	9.5	-8.075
0	1	0	1	0	2	4	16	12	0	2	14	105	55	4	1	14	63	31	0	0	1	4	3	0	264	9395	8	10000	7	9.5	-8.525
0	1	3	0	0	1	3	16	12	1	1	11	91	43	4	1	11	62	30	1	0	1	4	4	1	281	9415	2	10000	7	9.5	-8.975
0	0	0	3	0	1	2	10	7	1	1	10	83	29	1	0	6	45	30	1	0	3	4	8	1	301	9449	4	10000	7	9.5	-9.425
0	0	1	2	0	1	0	10	7	2	0	6	70	38	2	1	8	49	25	4	0	2	5	2	0	368	9392	5	10000	7	9.5	-9.875
0	1	1	0	0	0	2	11	5	0	0	10	76	37	3	0	6	51	27	4	0	1	2	1	0	404	9356	2	10000	7	9.5	-10.325
0	0	1	0	0	0	2	4	8	1	0	9	64	26	5	1	5	36	23	3	1	4	3	1	0	494	9309	0	10000	7	9.5	-10.775
0	0	1	1	1	0	1	4	1	0	1	5	52	25	4	1	4	25	15	0	1	1	6	2	1	548	9297	3	10000	7	9.5	-11.225
0	1	1	1	0	0	1	4	5	0	0	6	46	22	2	0	4	28	10	2	0	1	0	1	1	625	9237	2	10000	7	9.5	-11.675
0	2	0	0	1	0	2	2	3	0	0	4	25	17	1	0	4	21	14	0	0	2	3	0	1	721	9176	1	10000	7	9.5	-12.125
0	0	0	0	0	0	0	3	2	0	0	2	35	18	2	0	4	20	7	0	0	1	2	3	0	824	9077	0	10000	7	9.5	-12.575
0	0	1	0	0	0	3	6	3	0	0	2	27	13	1	0	3	18	7	1	0	0	2	0	0	941	8972	0	10000	7	9.5	-13.025
0	0	0	0	0	0	2	2	2	0	0	3	20	14	0	0	3	9	4	0	0	0	1	0	1	1136	8803	0	10000	7	9.5	-13.475
0	0	0	0	0	0	1	8	0	0	0	4	21	9	2	0	1	12	6	1	0	0	0	0	0	1268	8667	0	10000	7	9.5	-13.925
1	0	0	0	0	0	0	4	2	0	0	2	15	7	0	0	4	7	5	1	0	0	3	2	0	1555	8389	3	10000	7	9.5	-14.375
0	1	1	0	1	0	0	2	1	0	0	2	13	9	2	0	0	6	4	0	1	0	1	0	0	1739	8216	1	10000	7	9.5	-14.825
0	0	0	0	0	0	0	2	2	0	1	0	11	6	0	0	1	9	4	1	0	0	0	1	0	1950	8009	3	10000	7	9.5	-15.275
0	0	0	0	0	0	0	2	1	1	0	0	7	6	0	0	3	9	4	0	0	1	0	1	0	2295	7670	0	10000	7	9.5	-15.725
0	0	0	0	0	0	0	0	1	0	0	0	6	7	0	0	0	7	1	0	1	0	0	0	0	2641	7336	0	10000	7	9.5	-16.175
0	0	0	0	0	0	0	1	1	0	0	2	5	6	0	0	1	4	1	0	0	0	0	1	0	3008	6970	0	10000	7	9.5	-16.625
0	0	0	0	0	0	0	0	1	0	0	0	3	0	0	0	0	6	4	0	0	0	0	0	0	3426	6560	0	10000	7	9.5	-17.075
0	0	0	0	0	0	0	1	3	0	0	0	3	1	0	1	1	3	2	0	0	1	0	1	0	4048	5934	1	10000	7	9.5	-17.525
0	0	0	0	0	0	2	0	1	0	0	1	1	3	1	0	1	3	1	0	0	0	1	1	0	4510	5474	0	10000	7	9.5	-17.975
0	0	0	0	0	0	0	1	1	0	0	1	4	1	0	0	0	1	2	0	0	0	1	1	0	5336	4651	0	10000	7	9.5	-18.425
0	0	0	0	0	0	0	0	1	1	0	0	4	0	0	0	0	4	3	0	0	0	0	0	0	6241	3746	0	10000	7	9.5	-18.875
0	0	0	0	0	0	0	0	0	0	0	0	0	0	0	0	0	2	0	0	0	0	0	0	0	6964	3034	0	10000	7	9.5	-19.325
0	0	0	0	0	0	0	0	0	0	0	0	0	0	0	0	0	0	0	0	0	0	0	0	0	7591	2409	0	10000	7	9.5	-19.775
