100	
3	8	21	15	0	22	110	244	117	18	24	386	5662	528	39	32	329	1477	362	26	4	56	112	52	6	253	0	94	10000	1	8	24.775
3	9	21	8	1	16	113	257	129	20	24	433	5610	548	44	27	339	1428	394	23	11	62	106	62	7	241	0	64	10000	1	8	24.325
3	14	20	13	4	23	98	256	121	18	30	420	5641	522	44	30	306	1409	405	24	9	52	113	64	9	276	0	76	10000	1	8	23.875
1	16	27	19	2	20	108	228	138	13	32	452	5565	547	46	30	304	1452	400	50	7	42	117	59	5	242	0	78	10000	1	8	23.425
6	9	24	14	3	15	106	270	120	10	26	411	5563	514	32	27	330	1512	357	29	12	49	139	50	14	276	0	82	10000	1	8	22.975
0	6	21	9	1	17	106	273	118	17	34	443	5603	496	41	19	336	1454	376	46	8	60	95	54	12	285	0	70	10000	1	8	22.525
3	9	14	17	3	18	114	247	131	13	38	418	5502	553	29	34	312	1538	386	32	7	62	108	60	6	249	0	97	10000	1	8	22.075
3	11	15	24	3	18	131	234	120	20	39	447	5450	542	46	29	345	1501	388	38	6	49	132	49	10	268	0	82	10000	1	8	21.625
3	7	33	15	1	9	132	248	119	17	37	408	5601	482	44	34	331	1483	387	41	2	55	121	50	6	250	0	84	10000	1	8	21.175
1	5	22	20	2	13	103	277	130	17	28	440	5448	555	34	23	340	1471	435	36	7	59	112	66	6	266	0	84	10000	1	8	20.725
3	14	25	21	3	12	114	271	125	16	26	439	5445	571	42	29	340	1459	422	31	7	62	109	65	10	269	0	70	10000	1	8	20.275
1	15	32	12	2	12	139	256	146	18	38	472	5374	544	32	31	360	1457	419	38	9	43	101	70	10	282	0	87	10000	1	8	19.825
3	16	35	15	4	11	128	308	135	14	33	440	5340	564	43	27	340	1513	410	34	4	66	103	60	14	263	0	77	10000	1	8	19.375
5	16	43	12	2	14	131	282	150	18	37	469	5249	546	40	21	377	1536	389	40	11	70	99	66	5	287	0	85	10000	1	8	18.925
3	16	25	18	6	13	123	267	137	18	31	447	5283	566	42	32	335	1536	426	47	10	55	133	67	6	262	0	96	10000	1	8	18.475
3	20	29	14	5	22	119	277	127	17	39	444	5135	597	41	35	389	1617	410	32	7	56	113	66	12	276	0	98	10000	1	8	18.025
3	18	36	24	5	11	130	291	131	7	35	460	5150	606	47	28	357	1582	414	53	9	53	111	63	5	284	0	87	10000	1	8	17.575
5	16	27	23	3	17	141	315	159	13	32	508	5065	630	43	25	348	1548	447	42	7	58	124	72	8	242	0	82	10000	1	8	17.125
3	15	25	16	1	21	121	330	155	19	37	516	5013	610	34	37	372	1595	415	39	5	58	107	49	16	302	0	89	10000	1	8	16.675
4	12	31	15	3	11	134	307	181	29	40	523	4881	629	44	39	392	1636	410	42	7	50	138	54	13	278	0	97	10000	1	8	16.225
3	16	29	23	3	15	137	334	136	19	47	498	4833	655	51	35	352	1642	460	48	11	68	129	67	4	302	0	83	10000	1	8	15.775
3	13	41	23	6	19	139	351	143	31	29	524	4704	625	56	33	398	1679	468	59	10	57	120	59	12	296	0	102	10000	1	8	15.325
2	12	34	14	7	17	149	313	178	18	33	542	4671	653	50	26	406	1690	466	36	9	60	126	64	7	312	0	105	10000	1	8	14.875
4	19	19	15	4	16	143	333	174	18	45	510	4644	676	53	34	424	1669	460	40	10	49	139	65	9	324	0	104	10000	1	8	14.425
1	20	36	17	5	11	171	359	196	16	29	519	4570	667	41	28	433	1696	452	40	11	52	139	77	10	307	0	97	10000	1	8	13.975
4	18	24	8	4	15	146	351	156	21	34	540	4573	674	53	44	402	1741	463	37	6	67	133	66	14	300	0	106	10000	1	8	13.525
3	21	19	21	2	12	144	360	157	23	31	553	4491	666	52	34	427	1723	496	42	8	79	151	70	12	298	0	105	10000	1	8	13.075
2	9	22	21	3	20	131	328	187	34	39	540	4533	690	49	35	421	1712	471	42	7	68	115	54	9	350	0	108	10000	1	8	12.625
3	16	40	14	5	16	146	358	180	22	49	533	4395	696	66	41	408	1758	501	47	12	68	138	72	7	323	0	86	10000	1	8	12.175
5	21	35	22	5	28	170	353	199	26	42	553	4396	696	48	35	404	1671	499	36	5	61	140	67	15	347	0	121	10000	1	8	11.725
6	20	31	16	4	11	150	354	175	36	54	553	4387	694	46	39	421	1734	466	44	14	60	161	76	10	323	0	115	10000	1	8	11.275
1	21	35	20	6	18	144	346	199	22	44	568	4310	724	53	34	382	1720	503	47	8	76	160	68	4	375	0	112	10000	1	8	10.825
4	20	36	19	2	14	153	343	175	23	45	579	4316	720	47	31	413	1774	493	42	9	68	143	75	16	333	0	107	10000	1	8	10.375
1	29	30	26	5	24	161	373	194	28	37	554	4191	726	48	42	427	1809	497	43	9	62	165	76	15	310	0	118	10000	1	8	9.925
2	26	26	21	1	18	154	382	171	24	44	603	4202	695	48	41	462	1725	514	53	5	78	138	85	13	348	0	121	10000	1	8	9.475
5	20	33	28	5	15	162	366	183	28	47	631	4223	760	54	38	444	1751	468	45	5	82	141	65	11	303	0	87	10000	1	8	9.025
3	21	34	18	7	23	168	361	187	26	43	638	4226	685	53	27	436	1755	479	46	9	78	150	82	5	332	0	108	10000	1	8	8.575
1	25	30	26	6	31	165	415	198	27	53	559	4186	708	51	35	437	1767	507	53	12	76	130	71	17	300	0	114	10000	1	8	8.125
6	22	33	22	3	10	163	443	182	23	54	614	4156	691	67	36	422	1782	486	53	14	60	145	92	16	297	0	108	10000	1	8	7.675
4	16	43	20	5	19	147	427	170	29	39	597	4128	723	49	37	439	1826	498	39	11	62	136	88	6	336	0	106	10000	1	8	7.225
5	21	27	24	7	18	159	368	193	18	43	640	4099	718	46	41	461	1760	511	53	14	72	156	72	12	356	0	106	10000	1	8	6.775
3	20	32	22	6	21	155	371	202	17	54	631	4196	707	54	40	445	1713	493	55	10	71	134	93	9	352	0	94	10000	1	8	6.325
5	23	34	22	3	26	142	391	189	24	33	574	4211	773	47	31	414	1777	479	50	7	64	150	79	11	360	0	81	10000	1	8	5.875
3	18	45	22	2	22	184	363	183	18	43	611	4066	723	63	38	437	1850	479	36	9	68	149	70	15	366	0	117	10000	1	8	5.425
3	21	35	22	4	14	157	374	189	23	40	580	4155	732	57	30	461	1775	499	49	7	71	157	64	17	345	0	119	10000	1	8	4.975
1	29	37	23	6	23	157	368	202	32	40	641	4046	773	67	46	448	1713	516	50	9	80	126	80	15	363	0	109	10000	1	8	4.525
1	16	31	25	5	25	172	347	185	29	56	573	4129	723	55	41	488	1786	513	44	8	80	138	92	14	321	7	96	10000	1	8	4.075
3	23	41	24	7	16	165	347	173	21	41	641	4070	723	46	29	416	1794	505	44	14	70	164	76	10	361	53	123	10000	1	8	3.625
1	22	41	15	1	22	163	381	175	27	35	580	4023	693	49	43	477	1778	488	45	11	71	135	78	12	354	171	109	10000	1	8	3.175
3	17	21	20	5	13	161	365	172	26	44	597	3934	649	53	34	449	1754	508	45	7	61	138	86	12	316	404	106	10000	1	8	2.725
4	16	29	27	8	19	158	396	190	26	46	564	3738	659	60	33	408	1649	484	40	7	61	134	87	12	295	762	88	10000	1	8	2.275
1	16	23	22	4	17	141	352	184	21	44	524	3488	635	55	37	411	1592	467	34	5	69	136	72	9	311	1239	91	10000	1	8	1.825
4	15	33	24	3	20	134	320	163	16	45	479	3291	629	46	41	375	1449	407	37	5	50	101	67	7	295	1865	79	10000	1	8	1.375
2	12	20	16	5	11	130	315	145	21	29	427	2854	568	43	27	361	1370	377	30	8	53	96	52	7	272	2675	74	10000	1	8	0.925
4	11	25	15	2	16	116	248	109	21	30	406	2512	519	42	27	284	1248	353	40	6	44	101	45	7	241	3462	66	10000	1	8	0.475
4	10	19	10	1	13	90	249	99	9	39	387	2238	429	24	22	285	1048	325	19	4	48	89	52	4	210	4229	44	10000	1	8	0.025
2	5	28	14	1	10	80	182	99	14	20	325	1869	379	24	20	202	867	266	24	6	33	70	43	3	186	5170	58	10000	1	8	-0.425
1	6	11	5	3	11	65	166	82	13	25	243	1645	322	31	20	183	747	237	23	5	27	60	34	4	149	5841	41	10000	1	8	-0.875
3	7	17	4	1	3	73	167	55	4	16	217	1364	302	21	11	174	646	211	29	3	24	60	29	7	136	6363	53	10000	1	8	-1.325
1	13	6	7	1	6	67	128	70	6	26	210	1199	234	20	8	147	580	152	14	1	26	49	27	6	137	6825	34	10000	1	8	-1.775
0	6	17	6	3	7	46	103	56	5	12	161	1072	225	14	14	112	505	140	11	2	14	36	20	3	131	7250	29	10000	1	8	-2.225
0	4	5	6	3	0	34	99	48	5	11	156	911	184	10	7	115	429	125	12	6	21	36	16	2	114	7615	26	10000	1	8	-2.675
1	6	11	4	0	2	33	85	46	6	15	130	791	149	9	14	116	390	104	5	1	9	41	19	4	123	7860	26	10000	1	8	-3.125
2	7	3	5	0	3	35	80	38	3	12	115	697	126	9	7	87	299	95	9	3	18	27	17	2	104	8181	16	10000	1	8	-3.575
1	2	9	2	1	4	11	65	32	2	9	96	583	141	3	7	82	286	86	8	1	12	22	11	5	100	8398	21	10000	1	8	-4.025
0	3	5	2	0	7	23	48	28	2	7	84	497	106	8	2	58	240	76	10	1	18	16	6	1	114	8625	13	10000	1	8	-4.475
2	3	3	1	0	4	10	37	31	3	3	86	436	75	8	2	46	226	60	8	1	8	17	8	0	132	8778	12	10000	1	8	-4.925
0	1	3	3	0	1	14	48	18	3	4	62	355	68	5	11	44	166	60	4	1	9	13	5	1	97	8989	15	10000	1	8	-5.375
0	6	4	3	0	2	21	35	14	4	7	56	288	86	5	7	34	163	48	4	1	4	14	3	1	137	9044	9	10000	1	8	-5.825
0	2	0	2	0	2	15	30	12	2	2	43	301	57	4	1	27	151	40	5	1	5	13	10	0	147	9122	6	10000	1	8	-6.275
0	2	5	3	0	1	13	29	20	2	0	42	227	59	3	2	30	108	40	6	1	3	12	8	0	151	9225	8	10000	1	8	-6.725
0	2	1	3	0	0	13	22	12	0	4	35	192	54	5	1	23	100	31	3	0	1	10	4	0	179	9293	12	10000	1	8	-7.175
0	1	2	1	0	2	5	22	16	3	1	26	175	41	2	3	19	95	37	2	1	4	7	4	1	192	9336	2	10000	1	8	-7.625
0	2	0	1	0	3	13	26	15	2	3	29	147	31	4	1	16	72	33	3	2	3	9	8	0	211	9364	2	10000	1	8	-8.075
0	3	1	0	0	0	7	18	4	2	2	23	135	55	3	1	12	66	20	2	0	5	7	3	0	241	9387	3	10000	1	8	-8.525
0	0	4	2	0	1	4	20	5	1	3	21	113	24	3	1	10	70	23	2	1	3	4	4	1	263	9414	3	10000	1	8	-8.975
1	1	0	1	0	2	4	9	6	3	3	19	108	22	2	2	9	44	15	3	0	1	4	0	0	347	9390	4	10000	1	8	-9.425
0	2	0	0	0	0	4	12	9	2	0	26	81	19	2	0	7	59	11	2	0	3	4	3	0	387	9365	2	10000	1	8	-9.875
0	1	1	1	0	0	4	6	8	1	1	15	75	14	1	2	15	34	15	1	0	0	2	1	0	399	9401	2	10000	1	8	-10.325
0	0	1	0	0	2	5	9	2	0	1	14	66	19	3	1	3	28	15	0	0	0	2	2	0	460	9366	1	10000	1	8	-10.775
0	0	0	0	0	0	2	9	3	0	0	8	51	14	0	1	9	26	13	2	0	1	2	2	0	562	9294	1	10000	1	8	-11.225
0	0	1	1	0	0	2	6	5	0	0	6	48	13	1	0	4	24	10	1	0	0	4	0	0	630	9244	0	10000	1	8	-11.675
0	0	0	0	0	0	1	6	0	0	0	3	29	9	1	1	8	20	11	0	0	1	2	0	1	751	9155	1	10000	1	8	-12.125
0	2	1	0	0	0	0	2	4	1	0	5	30	4	1	0	6	17	4	2	1	2	1	1	1	823	9090	2	10000	1	8	-12.575
1	0	1	0	0	0	2	4	3	0	0	7	24	7	0	0	8	16	7	1	0	1	2	0	0	944	8970	2	10000	1	8	-13.025
0	0	0	0	0	0	6	2	4	0	0	7	25	7	0	0	8	8	7	0	0	1	3	0	0	1123	8799	0	10000	1	8	-13.475
0	0	1	0	0	0	0	2	3	0	0	6	14	3	0	0	2	10	7	0	0	1	2	1	0	1268	8680	0	10000	1	8	-13.925
0	0	0	1	0	0	0	0	4	0	0	5	16	10	0	1	2	12	4	0	0	0	0	1	0	1474	8469	1	10000	1	8	-14.375
0	0	0	0	0	0	1	2	1	1	0	1	20	5	1	0	1	7	1	0	0	0	1	1	0	1723	8234	0	10000	1	8	-14.825
0	0	0	0	0	0	1	1	0	0	1	1	21	7	0	0	5	3	2	1	0	0	0	0	1	2016	7939	1	10000	1	8	-15.275
0	0	1	0	0	0	1	3	1	0	0	3	11	5	0	1	3	12	3	0	0	0	0	0	0	2215	7741	0	10000	1	8	-15.725
0	0	0	0	0	0	0	0	0	1	0	2	9	2	0	0	1	5	4	0	0	0	2	1	0	2598	7374	1	10000	1	8	-16.175
0	0	0	0	0	0	1	1	2	0	0	2	6	3	0	1	2	7	1	0	0	0	1	1	0	3081	6891	0	10000	1	8	-16.625
0	0	0	0	0	0	1	0	0	0	1	0	8	3	0	0	1	5	1	0	0	0	1	0	0	3492	6487	0	10000	1	8	-17.075
0	0	0	0	0	1	0	1	1	0	0	0	5	3	0	0	3	4	0	0	0	0	0	0	0	3978	6004	0	10000	1	8	-17.525
0	0	0	0	0	0	1	2	0	0	0	1	4	4	0	0	0	2	2	0	0	0	0	0	0	4526	5458	0	10000	1	8	-17.975
0	0	0	0	0	0	2	0	2	0	0	0	3	2	0	0	1	1	0	0	0	0	0	0	0	5390	4599	0	10000	1	8	-18.425
0	0	0	0	0	0	0	0	0	0	0	0	3	4	0	0	0	2	0	0	0	0	0	0	0	6183	3808	0	10000	1	8	-18.875
0	0	0	0	0	1	0	0	0	0	0	1	4	1	0	0	1	0	1	0	0	0	0	0	0	6930	3061	0	10000	1	8	-19.325
0	0	0	0	0	0	0	0	0	0	0	0	0	0	0	0	0	0	0	0	0	1	0	0	0	7664	2335	0	10000	1	8	-19.775
