100	
7	13	25	14	3	15	102	244	135	18	28	406	3143	735	61	31	382	2961	704	71	10	78	176	108	18	385	0	127	10000	3	13	24.775
1	12	35	10	5	16	94	267	137	25	36	408	3090	753	63	32	412	2948	728	63	9	80	176	114	11	355	0	120	10000	3	13	24.325
2	10	22	12	4	12	104	233	133	24	36	402	3070	759	64	34	453	2900	742	67	11	99	196	96	24	371	0	120	10000	3	13	23.875
2	8	25	15	3	10	94	241	120	19	24	393	3097	776	65	40	451	2909	736	60	10	76	204	116	12	379	0	115	10000	3	13	23.425
2	11	28	12	3	11	98	251	163	25	35	420	3110	750	55	36	432	2831	738	41	8	74	204	121	14	414	0	113	10000	3	13	22.975
2	10	12	20	4	13	97	228	150	24	30	430	3061	769	43	25	456	2880	752	46	13	81	211	114	18	399	0	112	10000	3	13	22.525
1	20	22	20	3	8	115	252	159	15	30	423	3107	727	75	29	431	2850	714	67	13	76	183	131	16	404	0	109	10000	3	13	22.075
1	9	29	22	6	16	99	265	143	17	29	408	3076	742	67	39	434	2847	773	52	19	95	200	110	12	374	0	116	10000	3	13	21.625
2	15	19	12	3	15	106	250	151	29	37	442	3084	764	61	44	432	2847	696	58	7	74	201	116	22	397	0	116	10000	3	13	21.175
2	12	16	12	2	11	88	261	137	21	34	459	3004	773	78	42	435	2879	743	58	17	75	185	115	17	403	0	121	10000	3	13	20.725
2	15	22	13	3	17	112	232	153	22	38	450	3033	769	69	29	439	2873	750	69	13	71	197	108	16	380	0	105	10000	3	13	20.275
3	11	24	13	1	9	100	272	146	26	25	456	2999	783	52	32	446	2906	743	62	14	64	194	110	23	362	0	124	10000	3	13	19.825
1	11	29	16	5	16	89	251	150	24	27	431	3084	770	69	33	438	2911	712	64	6	68	194	115	12	361	0	113	10000	3	13	19.375
3	14	22	21	1	14	106	241	138	19	40	468	2998	777	79	38	420	2831	751	66	9	74	206	117	16	415	0	116	10000	3	13	18.925
3	10	25	12	6	14	93	231	144	22	34	436	3082	786	54	35	423	2872	716	60	9	81	228	111	11	382	0	120	10000	3	13	18.475
0	13	27	15	6	14	109	245	133	24	27	430	3065	782	62	43	416	2827	763	78	10	88	203	119	17	377	0	107	10000	3	13	18.025
0	13	27	17	2	9	110	256	148	25	36	416	3122	765	65	30	414	2838	716	69	4	75	179	142	15	394	0	113	10000	3	13	17.575
3	10	13	13	3	8	102	250	144	22	31	488	3009	774	59	41	428	2869	718	62	13	81	211	117	15	400	0	116	10000	3	13	17.125
1	10	26	11	5	14	107	254	154	14	43	425	2992	785	68	35	439	2894	754	58	9	67	182	115	17	417	0	104	10000	3	13	16.675
2	9	21	12	5	16	94	269	156	18	41	476	3012	760	66	32	456	2837	708	59	11	83	201	132	23	375	0	126	10000	3	13	16.225
2	13	26	23	2	13	114	261	167	21	34	477	2919	752	56	38	462	2877	764	67	6	75	203	107	14	417	0	90	10000	3	13	15.775
1	10	21	22	2	8	120	260	162	16	31	470	2966	781	70	27	447	2869	729	64	11	77	223	99	15	385	0	114	10000	3	13	15.325
1	12	23	13	6	12	106	251	144	24	36	509	2981	776	70	31	439	2861	739	59	10	77	200	123	13	383	0	101	10000	3	13	14.875
3	11	23	19	2	19	110	254	156	20	50	465	3027	789	57	34	442	2789	683	81	10	84	208	107	18	428	0	111	10000	3	13	14.425
1	9	20	12	4	8	122	258	158	22	46	475	2950	772	70	42	450	2793	742	59	12	89	210	111	17	430	0	118	10000	3	13	13.975
5	19	18	17	4	23	112	271	155	21	32	437	2983	788	76	29	466	2811	747	79	9	74	200	124	17	371	0	112	10000	3	13	13.525
1	11	18	17	1	18	117	244	151	25	39	454	2975	825	57	39	434	2850	760	59	7	86	194	112	13	386	0	107	10000	3	13	13.075
1	14	31	20	4	12	96	265	176	22	30	435	3016	777	71	33	487	2775	734	54	15	76	210	120	19	390	0	117	10000	3	13	12.625
4	13	24	22	2	9	112	243	164	15	38	481	2893	821	75	32	461	2838	785	68	9	85	220	113	15	359	0	99	10000	3	13	12.175
1	12	26	17	5	18	92	261	157	33	46	429	2928	810	94	41	459	2762	769	73	9	79	245	116	19	375	0	124	10000	3	13	11.725
2	15	28	20	3	10	98	281	169	25	31	458	2918	813	53	42	448	2822	706	55	12	85	214	111	13	438	0	130	10000	3	13	11.275
1	14	20	20	1	10	109	271	163	32	32	426	2938	828	70	42	431	2770	767	69	11	82	212	118	16	412	0	135	10000	3	13	10.825
1	20	36	18	2	11	111	266	166	23	43	460	2894	801	80	32	451	2791	760	70	9	89	235	113	15	381	0	122	10000	3	13	10.375
2	13	24	18	7	17	121	291	172	24	33	430	2911	768	75	33	465	2795	719	79	9	77	210	134	21	421	0	131	10000	3	13	9.925
2	12	21	17	1	13	109	247	170	20	32	484	2869	841	68	37	465	2774	765	67	13	81	221	121	19	421	0	110	10000	3	13	9.475
2	11	28	18	2	21	106	247	172	29	30	480	2924	814	62	41	449	2790	709	66	5	90	226	102	19	452	0	105	10000	3	13	9.025
3	20	15	19	5	17	113	293	158	16	42	470	2938	789	58	42	442	2767	797	75	7	80	196	133	15	383	0	107	10000	3	13	8.575
1	22	25	13	4	14	123	270	152	24	51	462	2934	818	56	39	421	2828	722	68	13	76	231	105	24	393	0	111	10000	3	13	8.125
2	14	27	15	2	16	112	279	145	23	46	484	2906	823	66	33	465	2723	758	50	11	92	213	120	23	429	0	123	10000	3	13	7.675
4	13	27	18	1	14	123	278	164	16	32	451	2933	787	69	40	473	2767	739	50	9	68	219	105	20	453	0	127	10000	3	13	7.225
2	9	12	16	0	13	113	276	168	23	41	447	2860	854	65	29	472	2778	799	52	14	87	197	111	13	405	0	144	10000	3	13	6.775
5	17	24	15	3	14	93	254	169	29	27	457	2937	782	62	45	467	2750	793	64	9	85	199	134	11	446	0	109	10000	3	13	6.325
1	11	18	15	5	14	110	287	169	16	31	443	2951	814	49	47	459	2787	726	55	10	99	223	123	14	402	0	121	10000	3	13	5.875
5	18	26	21	4	9	104	265	159	22	42	464	2864	788	76	32	494	2769	774	55	8	67	245	130	12	415	0	132	10000	3	13	5.425
2	19	20	14	5	15	104	278	145	23	34	493	2889	810	80	45	414	2766	801	59	6	89	203	119	28	400	0	139	10000	3	13	4.975
3	10	27	22	3	15	110	248	164	20	34	491	2877	820	61	41	464	2744	818	73	8	95	200	119	20	407	1	105	10000	3	13	4.525
1	14	29	12	3	20	117	298	143	22	33	476	2921	743	61	43	480	2709	791	64	11	87	220	117	19	433	12	121	10000	3	13	4.075
3	14	31	19	2	8	130	270	153	24	45	447	2900	826	71	44	480	2715	735	73	8	80	230	115	20	394	51	112	10000	3	13	3.625
2	12	32	15	5	17	111	259	152	29	41	493	2772	799	74	40	471	2689	786	70	10	78	214	105	17	408	183	116	10000	3	13	3.175
1	9	21	10	3	12	129	257	156	28	23	468	2871	752	60	37	436	2650	705	50	7	85	221	118	19	395	367	110	10000	3	13	2.725
3	10	23	12	5	11	105	269	188	25	32	413	2661	773	62	29	436	2494	729	64	16	78	191	116	15	384	731	125	10000	3	13	2.275
3	12	27	27	6	12	93	233	156	20	38	413	2480	668	68	44	395	2480	673	66	7	77	182	122	23	353	1219	103	10000	3	13	1.825
2	6	22	22	4	6	98	240	143	15	25	408	2352	651	49	26	368	2209	592	73	12	71	165	99	12	342	1906	82	10000	3	13	1.375
1	7	16	14	3	10	78	194	98	10	36	355	2186	625	49	36	363	1980	560	54	12	52	173	98	7	305	2572	106	10000	3	13	0.925
1	6	17	10	2	11	63	195	110	13	22	329	1912	514	50	30	326	1719	495	36	9	50	154	74	13	278	3465	96	10000	3	13	0.475
0	7	13	11	4	8	64	142	97	21	19	250	1653	455	45	19	266	1577	451	38	8	46	108	78	11	255	4297	57	10000	3	13	0.025
0	12	14	6	2	5	53	131	77	11	21	215	1409	347	28	20	214	1257	380	29	6	42	106	74	9	213	5273	46	10000	3	13	-0.425
1	6	12	8	2	4	46	130	62	13	20	187	1147	350	29	17	206	1103	293	35	6	42	104	34	10	177	5907	49	10000	3	13	-0.875
1	3	15	11	1	10	43	116	72	5	15	181	974	296	19	14	165	937	278	31	5	29	95	42	9	173	6417	43	10000	3	13	-1.325
0	1	11	5	1	4	40	95	51	12	17	158	871	255	19	12	144	807	251	21	4	39	62	38	8	155	6881	38	10000	3	13	-1.775
0	4	5	8	1	10	22	54	51	10	10	129	693	201	30	9	105	748	243	17	4	33	55	33	8	143	7349	25	10000	3	13	-2.225
0	4	9	3	1	4	28	77	43	3	9	111	656	178	19	7	109	621	167	17	5	22	60	30	4	125	7648	40	10000	3	13	-2.675
0	5	4	4	1	4	22	49	37	7	5	95	545	141	20	8	116	579	158	9	4	22	42	26	5	121	7947	24	10000	3	13	-3.125
0	2	5	2	0	2	20	54	31	1	8	73	471	158	11	7	75	469	147	12	0	16	33	28	4	124	8232	15	10000	3	13	-3.575
1	3	3	3	2	3	24	43	28	2	6	73	432	133	8	8	71	402	121	13	0	8	41	20	4	133	8399	16	10000	3	13	-4.025
1	3	2	2	1	0	11	35	21	4	5	63	360	124	10	6	57	324	114	7	1	9	24	13	1	108	8677	17	10000	3	13	-4.475
0	1	6	2	0	2	11	42	25	4	5	51	330	93	8	1	65	317	103	8	0	5	25	14	2	125	8744	11	10000	3	13	-4.925
0	2	3	2	1	0	11	35	14	3	4	42	273	117	4	3	54	254	86	6	0	8	33	12	1	141	8880	11	10000	3	13	-5.375
0	0	4	1	1	1	7	19	16	3	2	47	255	69	9	3	49	225	75	8	2	9	15	11	0	129	9029	11	10000	3	13	-5.825
0	1	2	2	0	0	12	17	17	1	1	33	205	48	2	3	24	195	71	9	0	6	16	11	1	155	9162	6	10000	3	13	-6.275
0	0	0	3	0	0	1	12	5	0	1	34	179	49	6	0	38	167	63	6	1	10	16	3	0	163	9236	7	10000	3	13	-6.725
0	0	1	1	0	0	9	19	8	5	4	24	155	48	3	2	26	143	52	2	0	4	18	5	0	199	9264	8	10000	3	13	-7.175
0	0	1	0	0	0	3	17	10	2	0	24	147	47	1	2	37	120	41	2	1	2	8	12	0	201	9318	4	10000	3	13	-7.625
0	0	0	0	0	1	13	18	5	1	1	16	132	33	2	4	20	115	45	2	1	2	8	5	0	221	9354	1	10000	3	13	-8.075
0	0	1	0	0	0	3	19	6	2	0	23	109	33	4	2	16	84	46	2	1	3	9	6	1	244	9379	7	10000	3	13	-8.525
0	2	2	0	0	1	5	14	9	2	2	13	87	28	3	0	15	88	26	3	0	2	5	4	0	295	9390	4	10000	3	13	-8.975
0	1	0	1	1	0	3	1	1	2	0	16	82	19	2	1	10	85	24	4	0	3	11	0	0	320	9409	4	10000	3	13	-9.425
0	0	0	0	1	1	5	13	3	1	4	12	73	29	1	2	10	53	27	2	1	3	6	2	0	384	9363	4	10000	3	13	-9.875
0	0	0	0	0	0	2	3	0	0	0	8	60	26	1	1	12	45	19	2	2	0	6	4	0	460	9345	4	10000	3	13	-10.325
0	0	0	0	0	1	2	1	2	1	1	10	47	14	1	1	7	43	20	1	1	2	6	2	0	497	9339	1	10000	3	13	-10.775
0	0	1	1	0	1	3	6	2	0	0	5	31	18	0	0	5	41	17	2	0	2	3	1	0	538	9323	0	10000	3	13	-11.225
0	0	0	0	0	0	1	3	2	0	1	9	36	13	2	0	6	30	13	0	0	1	1	1	0	660	9217	4	10000	3	13	-11.675
0	0	1	0	0	0	0	1	1	0	0	3	28	16	0	1	9	24	9	0	1	2	3	0	0	710	9190	1	10000	3	13	-12.125
0	0	0	0	0	0	0	2	0	0	0	4	25	11	2	0	2	31	9	1	0	2	3	1	0	837	9067	3	10000	3	13	-12.575
1	0	0	0	0	0	1	3	4	0	0	5	21	7	0	0	5	20	11	0	0	1	3	0	0	953	8963	2	10000	3	13	-13.025
0	0	0	0	0	0	0	5	1	0	0	2	19	4	0	1	4	9	11	0	0	0	1	4	1	1134	8803	1	10000	3	13	-13.475
0	0	0	0	0	0	0	2	0	0	1	2	20	10	0	0	3	15	5	0	0	0	0	1	0	1266	8673	2	10000	3	13	-13.925
0	0	0	0	1	0	1	5	0	0	1	2	14	3	2	0	2	15	5	1	1	1	2	0	0	1544	8399	1	10000	3	13	-14.375
0	0	0	0	0	0	1	3	0	0	0	3	11	6	0	0	0	8	4	0	0	0	2	1	0	1745	8214	2	10000	3	13	-14.825
0	1	1	0	0	0	1	4	0	0	1	1	10	7	1	0	1	14	1	0	0	1	0	2	1	1957	7995	1	10000	3	13	-15.275
0	0	0	0	0	0	0	2	1	0	0	0	12	4	0	0	1	5	4	1	0	0	1	0	0	2273	7695	1	10000	3	13	-15.725
0	0	0	0	0	0	0	1	0	0	0	0	5	6	0	0	0	9	2	1	0	0	1	0	0	2631	7344	0	10000	3	13	-16.175
0	0	0	1	0	0	1	0	0	0	0	1	8	2	0	0	1	7	3	0	0	0	1	0	1	3023	6951	0	10000	3	13	-16.625
0	0	0	0	0	0	0	3	0	0	0	1	6	2	0	0	3	11	3	0	0	1	0	0	0	3536	6434	0	10000	3	13	-17.075
0	0	0	0	0	0	1	0	0	0	0	0	4	0	1	0	0	8	2	0	0	0	0	2	0	4004	5978	0	10000	3	13	-17.525
0	0	0	0	0	0	0	0	1	0	0	1	3	1	1	0	0	8	2	0	0	0	0	2	0	4621	5360	0	10000	3	13	-17.975
0	0	0	0	0	1	0	0	1	0	0	1	1	2	0	0	1	4	1	0	0	0	0	0	0	5317	4671	0	10000	3	13	-18.425
0	0	0	0	0	0	0	1	1	0	0	0	4	0	0	1	0	6	1	0	0	0	0	0	0	6169	3817	0	10000	3	13	-18.875
0	0	0	0	0	0	0	0	0	0	0	0	3	1	0	0	0	2	1	0	0	0	0	2	0	7024	2967	0	10000	3	13	-19.325
0	0	0	0	0	0	0	0	0	0	0	0	1	0	0	0	0	1	0	0	0	0	0	0	0	7679	2319	0	10000	3	13	-19.775
