100	
1	22	38	40	7	9	92	435	378	44	23	218	4495	1527	123	11	173	979	686	58	5	28	108	65	12	330	0	93	10000	9	4	24.775
7	17	58	46	6	11	116	432	365	44	20	226	4581	1480	98	14	163	979	644	69	1	37	80	59	17	325	0	105	10000	9	4	24.325
1	9	33	29	11	11	104	476	326	37	26	261	4509	1497	120	22	150	1006	638	79	5	26	82	99	16	334	0	93	10000	9	4	23.875
4	8	43	44	9	9	102	444	374	48	17	239	4555	1487	92	12	168	948	675	49	6	29	102	86	18	339	0	93	10000	9	4	23.425
3	21	30	41	10	13	97	455	354	50	15	251	4521	1550	100	15	150	1010	642	76	4	19	93	57	7	315	0	101	10000	9	4	22.975
2	19	40	35	3	4	103	454	329	56	21	252	4587	1494	96	11	160	1052	643	66	5	27	78	68	13	296	0	86	10000	9	4	22.525
2	17	39	40	13	7	100	460	351	49	26	252	4444	1528	104	17	152	1017	666	67	7	29	95	77	17	311	0	113	10000	9	4	22.075
0	15	51	43	11	4	97	443	332	51	21	264	4396	1557	101	14	179	1076	642	55	3	34	90	69	14	313	0	125	10000	9	4	21.625
5	15	48	33	10	14	95	429	349	63	20	242	4501	1516	87	12	140	1017	680	64	3	36	93	89	17	334	0	88	10000	9	4	21.175
2	19	38	43	5	12	95	483	348	59	20	237	4510	1484	112	13	172	939	686	64	9	27	100	87	13	309	0	114	10000	9	4	20.725
2	17	43	44	9	9	116	445	342	57	20	267	4462	1562	105	14	142	1019	645	60	0	32	94	73	12	319	0	90	10000	9	4	20.275
1	22	41	29	10	13	104	440	351	56	22	250	4418	1566	120	12	192	1017	674	67	2	22	83	73	10	308	0	97	10000	9	4	19.825
1	14	45	47	7	9	121	445	355	52	19	262	4303	1516	112	21	162	1078	684	87	4	25	103	78	16	324	0	110	10000	9	4	19.375
1	18	52	44	10	8	86	523	340	49	18	258	4284	1542	109	18	180	1063	650	75	4	27	102	69	15	322	0	133	10000	9	4	18.925
1	13	52	31	7	10	96	499	346	49	20	249	4399	1527	106	18	184	1023	658	74	2	26	89	77	14	310	0	120	10000	9	4	18.475
4	15	39	38	3	7	108	434	390	50	20	260	4337	1526	113	21	156	1092	646	76	5	40	92	86	17	312	0	113	10000	9	4	18.025
1	11	49	35	10	16	110	495	421	41	21	280	4238	1524	97	15	210	1046	657	75	3	29	85	91	17	325	0	98	10000	9	4	17.575
4	15	39	38	13	12	108	531	399	43	33	283	4238	1598	115	8	169	1002	623	67	3	35	90	95	11	313	0	115	10000	9	4	17.125
3	19	39	34	11	8	109	475	375	63	20	246	4247	1576	97	9	174	1038	724	58	4	28	86	94	12	338	0	113	10000	9	4	16.675
2	16	42	43	7	11	114	472	352	52	29	259	4257	1577	95	10	175	1024	671	86	5	29	98	84	16	352	0	122	10000	9	4	16.225
2	14	38	42	14	6	117	463	414	43	18	303	4094	1598	106	16	179	1086	681	81	6	34	98	75	15	344	0	113	10000	9	4	15.775
0	16	52	39	15	11	113	489	382	47	14	277	4118	1670	98	17	176	1079	652	76	3	30	102	81	9	317	0	117	10000	9	4	15.325
3	14	61	36	9	11	105	479	371	54	15	246	4072	1568	109	15	211	1077	751	90	2	20	91	80	14	357	0	139	10000	9	4	14.875
2	23	40	31	9	19	110	522	402	49	23	272	4094	1595	115	18	178	1085	663	65	3	28	92	84	18	360	0	100	10000	9	4	14.425
4	11	51	35	3	10	110	512	391	47	23	299	4104	1605	100	18	167	1060	672	70	5	31	106	80	13	351	0	122	10000	9	4	13.975
2	14	48	35	7	7	113	542	383	53	20	297	4016	1639	106	17	185	1088	673	73	4	37	98	70	14	346	0	113	10000	9	4	13.525
3	14	55	40	6	14	128	517	405	38	22	306	4013	1600	109	13	180	1072	689	89	3	40	101	80	15	328	0	120	10000	9	4	13.075
2	17	45	44	7	10	121	560	400	54	30	277	4005	1574	120	18	189	1091	671	65	1	37	93	77	13	366	0	113	10000	9	4	12.625
2	17	57	32	7	13	107	524	399	65	17	272	4002	1634	129	18	179	1061	691	80	3	39	93	82	13	351	0	113	10000	9	4	12.175
2	14	49	41	5	16	130	519	395	49	23	262	3866	1631	127	18	210	1157	663	93	6	39	124	73	15	346	0	127	10000	9	4	11.725
3	11	39	49	5	10	116	560	389	48	14	315	3911	1645	108	11	164	1112	729	60	2	26	112	96	17	349	0	99	10000	9	4	11.275
2	14	43	34	5	15	110	527	419	58	23	305	3948	1602	104	12	158	1111	679	84	3	39	83	88	14	380	0	140	10000	9	4	10.825
3	14	46	52	7	10	130	530	435	54	13	251	3938	1615	113	22	176	1102	716	79	4	30	94	86	13	368	0	99	10000	9	4	10.375
0	15	43	41	13	13	114	523	449	48	25	286	3927	1602	98	12	191	1098	674	75	5	32	96	95	17	374	0	134	10000	9	4	9.925
3	18	45	47	6	17	112	534	394	52	16	295	3868	1615	134	15	198	1114	731	73	1	38	94	87	23	354	0	116	10000	9	4	9.475
3	14	49	36	11	11	120	530	421	60	24	309	3794	1652	118	15	189	1122	689	86	4	36	92	100	18	366	0	131	10000	9	4	9.025
1	13	53	48	10	15	127	532	385	50	17	329	3823	1580	124	21	216	1128	708	69	2	46	110	99	9	361	0	124	10000	9	4	8.575
2	18	31	40	6	15	136	565	417	65	16	277	3776	1654	112	17	189	1167	715	70	2	38	112	71	19	350	0	120	10000	9	4	8.125
2	21	47	40	14	12	134	538	406	39	20	300	3827	1601	109	20	182	1138	743	87	5	39	95	95	19	354	0	113	10000	9	4	7.675
2	22	54	44	5	6	140	584	381	65	26	282	3758	1598	108	13	214	1183	728	68	4	32	106	85	13	363	0	116	10000	9	4	7.225
2	17	43	54	5	14	117	478	425	62	23	325	3864	1652	111	13	199	1130	692	81	3	32	85	98	25	344	0	106	10000	9	4	6.775
2	22	43	45	13	22	109	537	407	52	27	315	3756	1626	131	17	189	1177	705	64	6	28	105	96	14	376	0	116	10000	9	4	6.325
3	14	51	59	12	10	119	532	445	55	26	272	3732	1684	109	12	182	1185	721	63	3	35	109	72	18	354	0	123	10000	9	4	5.875
3	19	66	49	10	15	122	534	399	41	17	299	3722	1675	119	17	202	1139	751	84	6	30	100	86	16	358	0	121	10000	9	4	5.425
2	29	51	34	13	15	132	558	421	65	18	266	3765	1618	119	13	189	1178	720	82	9	39	93	74	12	369	0	116	10000	9	4	4.975
7	17	46	43	15	12	121	525	418	49	25	342	3806	1674	104	15	186	1126	689	88	6	25	91	67	11	350	1	141	10000	9	4	4.525
1	24	46	41	10	9	122	574	383	45	17	313	3660	1717	102	23	208	1163	732	79	5	27	99	98	19	345	8	130	10000	9	4	4.075
3	21	43	46	8	12	140	534	398	58	23	282	3651	1739	120	14	199	1127	721	72	4	36	117	84	22	355	72	99	10000	9	4	3.625
1	14	53	37	4	15	126	538	410	58	19	308	3561	1689	107	19	221	1159	686	78	3	31	96	97	15	357	186	112	10000	9	4	3.175
2	20	42	42	8	6	135	541	357	51	23	269	3606	1624	104	14	204	1072	724	74	2	35	94	83	17	352	384	115	10000	9	4	2.725
7	16	48	30	7	9	138	501	353	60	20	287	3513	1492	105	20	202	1082	615	68	2	23	86	83	15	338	764	116	10000	9	4	2.275
3	16	45	24	9	13	131	462	388	48	20	282	3194	1497	102	18	181	1009	642	58	2	17	82	83	11	327	1236	100	10000	9	4	1.825
1	17	42	33	11	8	104	428	348	59	20	255	2957	1326	90	5	161	957	616	61	5	33	79	84	15	335	1859	91	10000	9	4	1.375
1	10	33	30	8	14	90	417	311	34	16	193	2561	1220	98	14	155	919	559	64	4	23	84	70	12	284	2692	84	10000	9	4	0.925
4	16	27	18	6	13	83	378	289	22	8	182	2358	1049	81	14	136	762	486	46	1	23	76	69	8	252	3516	77	10000	9	4	0.475
1	15	35	21	11	10	82	318	230	34	21	168	2034	985	71	9	115	691	443	38	2	30	63	56	6	239	4197	75	10000	9	4	0.025
0	11	20	24	3	10	64	269	201	22	10	142	1754	806	60	5	107	574	364	34	2	12	51	44	7	196	5148	60	10000	9	4	-0.425
3	7	25	16	4	10	53	212	173	20	13	126	1422	692	38	9	91	488	290	42	0	15	49	41	10	187	5922	42	10000	9	4	-0.875
1	6	19	14	2	6	44	196	158	21	7	99	1305	610	40	9	64	437	282	24	0	17	23	37	7	170	6354	48	10000	9	4	-1.325
0	3	22	18	3	6	41	176	151	12	7	109	1053	482	29	2	60	389	194	28	2	14	38	23	9	147	6947	35	10000	9	4	-1.775
1	3	18	13	5	2	20	142	110	16	4	92	974	487	30	4	56	313	203	24	0	12	30	24	3	123	7259	32	10000	9	4	-2.225
1	1	12	11	1	2	35	136	98	16	5	76	750	363	29	4	50	263	167	23	3	12	21	24	5	142	7732	18	10000	9	4	-2.675
0	3	15	8	2	1	26	120	86	13	1	67	713	367	22	5	53	257	152	24	1	5	20	16	3	127	7873	20	10000	9	4	-3.125
0	6	8	11	2	1	26	105	88	11	3	65	598	312	30	4	21	218	123	19	1	8	21	13	3	120	8161	22	10000	9	4	-3.575
1	3	7	7	3	3	27	80	68	8	1	56	552	257	15	1	27	212	125	10	0	5	9	18	4	129	8350	22	10000	9	4	-4.025
0	2	4	6	1	2	20	60	65	4	2	58	411	231	15	2	23	175	104	4	0	2	20	11	3	97	8657	21	10000	9	4	-4.475
1	2	6	3	3	2	18	64	56	3	5	37	370	199	13	4	17	142	95	12	1	2	22	10	4	107	8789	13	10000	9	4	-4.925
1	3	4	4	0	1	9	67	44	7	4	41	348	180	15	2	28	125	79	14	1	4	14	11	1	129	8855	9	10000	9	4	-5.375
0	0	8	4	1	2	9	54	40	7	3	27	301	151	6	0	19	103	61	14	1	6	8	8	2	140	9011	14	10000	9	4	-5.825
1	1	1	2	1	0	10	53	35	2	1	23	272	132	7	2	15	99	54	9	0	5	11	8	3	125	9123	5	10000	9	4	-6.275
0	0	6	1	3	0	7	48	19	5	2	19	205	127	9	1	17	94	36	9	1	0	7	4	3	155	9212	10	10000	9	4	-6.725
1	0	3	2	0	2	16	29	30	4	2	17	221	102	12	0	15	64	40	7	0	0	3	3	0	170	9251	6	10000	9	4	-7.175
0	3	5	5	1	1	5	32	26	3	2	14	132	88	7	1	11	60	36	3	0	4	6	3	2	211	9329	10	10000	9	4	-7.625
0	0	2	0	0	0	7	40	17	2	0	10	141	71	6	0	9	49	36	3	0	1	5	6	2	215	9371	7	10000	9	4	-8.075
0	2	8	4	0	1	3	25	10	3	2	13	121	71	6	0	6	47	29	4	0	4	3	2	0	235	9397	4	10000	9	4	-8.525
0	2	1	1	0	0	8	13	17	3	0	13	104	66	4	0	7	39	26	4	0	1	4	0	0	275	9408	4	10000	9	4	-8.975
0	0	2	3	0	1	8	14	13	2	0	13	84	50	3	0	6	35	20	4	0	1	2	2	0	301	9434	2	10000	9	4	-9.425
0	1	1	0	0	0	2	17	14	3	0	11	75	36	8	1	2	32	19	4	0	1	6	1	0	389	9376	1	10000	9	4	-9.875
0	2	1	1	0	0	2	19	7	3	0	6	72	47	1	1	7	23	15	2	1	1	1	3	0	416	9365	4	10000	9	4	-10.325
0	2	1	0	0	2	2	10	13	1	1	7	58	37	2	1	4	25	15	2	0	0	5	2	0	494	9312	4	10000	9	4	-10.775
1	1	3	3	0	1	2	9	9	0	0	6	52	36	4	1	3	16	10	0	0	1	2	3	1	539	9295	2	10000	9	4	-11.225
0	1	2	0	0	2	0	7	10	1	1	5	46	25	2	1	0	17	5	1	0	0	2	0	1	625	9243	3	10000	9	4	-11.675
0	0	0	1	0	0	0	8	6	1	0	3	41	30	1	0	0	13	12	1	0	0	1	0	0	728	9154	0	10000	9	4	-12.125
0	0	1	0	1	0	1	6	9	0	1	5	27	16	1	0	3	11	10	0	0	1	2	0	0	867	9038	0	10000	9	4	-12.575
0	0	0	0	0	0	0	4	1	0	0	2	24	21	0	0	4	13	13	2	0	0	0	1	0	972	8943	0	10000	9	4	-13.025
0	0	3	0	0	0	1	8	2	1	0	2	22	16	1	0	1	9	5	0	0	1	2	0	1	1091	8833	1	10000	9	4	-13.475
0	0	0	1	1	0	1	5	5	0	0	1	28	11	0	0	3	10	5	0	0	4	0	0	0	1284	8640	1	10000	9	4	-13.925
0	0	1	0	0	0	0	3	0	0	0	1	23	14	2	0	1	4	2	2	0	0	0	0	0	1475	8472	0	10000	9	4	-14.375
0	0	0	0	0	0	0	5	1	0	0	2	17	10	1	0	1	5	1	0	0	1	0	1	1	1713	8240	1	10000	9	4	-14.825
0	0	1	0	0	0	0	3	3	0	0	2	13	6	1	0	1	5	8	0	0	0	2	0	0	1938	8016	1	10000	9	4	-15.275
0	0	1	0	0	1	1	2	3	0	2	5	13	8	0	0	2	3	2	0	0	0	0	0	0	2311	7646	0	10000	9	4	-15.725
0	0	1	0	0	0	1	1	3	0	0	2	7	7	1	0	0	4	2	0	0	0	0	0	0	2675	7296	0	10000	9	4	-16.175
0	0	0	0	0	0	0	0	1	0	0	0	3	3	1	0	0	4	1	0	0	0	1	0	1	2983	7001	1	10000	9	4	-16.625
0	0	0	0	0	0	0	1	1	0	0	1	5	8	1	0	0	5	3	0	0	0	0	1	0	3417	6557	0	10000	9	4	-17.075
0	0	0	0	0	0	0	0	1	0	0	0	3	3	0	0	0	2	0	0	0	0	0	1	0	4095	5894	1	10000	9	4	-17.525
0	0	0	0	0	0	0	0	1	0	0	0	9	2	1	0	0	2	2	0	0	0	0	0	0	4605	5377	1	10000	9	4	-17.975
0	0	1	0	0	0	0	1	0	0	0	1	2	6	0	0	0	2	0	0	0	0	0	0	0	5461	4526	0	10000	9	4	-18.425
0	0	0	0	0	1	0	1	2	0	0	1	2	4	0	0	0	3	3	0	0	0	0	0	0	6149	3834	0	10000	9	4	-18.875
0	0	0	0	0	0	1	1	1	0	0	0	3	0	0	0	1	0	0	0	0	0	0	0	0	6958	3035	0	10000	9	4	-19.325
0	0	0	0	0	0	1	0	0	0	1	0	3	1	0	0	0	0	1	0	0	0	0	0	0	7606	2387	0	10000	9	4	-19.775
