100	
3	12	18	22	3	11	90	242	171	28	16	261	6166	724	54	21	191	999	424	47	7	35	94	63	13	233	0	52	10000	4.5	6	24.775
2	10	31	19	5	14	76	268	163	23	22	253	6082	719	65	10	189	1021	466	57	2	31	97	60	8	232	0	75	10000	4.5	6	24.325
1	20	21	14	0	10	89	286	175	17	26	273	6072	743	55	19	192	1009	446	44	5	32	81	59	7	227	0	77	10000	4.5	6	23.875
2	6	28	18	0	12	106	290	164	29	19	259	6029	790	56	14	170	1057	422	45	6	26	85	61	8	205	0	93	10000	4.5	6	23.425
1	14	19	19	1	10	90	308	190	19	12	266	6056	702	62	18	178	1086	443	48	3	35	71	44	6	228	0	71	10000	4.5	6	22.975
2	16	29	24	6	4	104	263	184	23	19	264	5981	719	52	24	216	1056	429	57	1	33	91	83	10	240	0	70	10000	4.5	6	22.525
0	16	37	24	5	11	86	263	197	17	19	251	6021	737	61	16	203	1067	408	49	7	34	85	57	7	244	0	78	10000	4.5	6	22.075
6	12	23	13	1	9	86	315	156	25	15	273	5972	770	59	17	209	1059	428	41	2	43	89	66	15	215	0	81	10000	4.5	6	21.625
3	4	27	31	5	9	69	283	191	41	23	304	5868	779	51	13	195	1071	451	45	3	34	81	55	9	266	0	89	10000	4.5	6	21.175
1	9	29	22	6	7	99	280	190	23	24	250	5986	725	59	10	197	1083	443	42	4	44	97	68	8	220	0	74	10000	4.5	6	20.725
1	13	30	17	5	11	94	278	188	25	16	277	5787	808	67	19	223	1123	443	59	5	40	59	75	9	246	0	82	10000	4.5	6	20.275
5	14	23	18	2	9	105	305	189	20	26	297	5801	774	63	19	218	1083	449	52	7	45	92	56	7	248	0	73	10000	4.5	6	19.825
1	9	32	16	5	8	87	289	194	27	19	296	5641	829	61	19	244	1143	484	43	5	42	83	71	14	256	0	82	10000	4.5	6	19.375
1	21	25	29	4	11	99	320	189	20	21	289	5696	761	62	18	227	1137	456	60	4	34	86	65	12	255	0	98	10000	4.5	6	18.925
2	10	21	17	4	15	109	316	202	27	21	307	5561	824	54	18	257	1136	511	55	2	41	88	53	7	263	0	79	10000	4.5	6	18.475
1	8	21	15	8	16	103	338	190	35	20	325	5466	843	57	24	210	1174	502	54	11	36	89	72	13	282	0	87	10000	4.5	6	18.025
2	13	32	23	8	14	108	307	212	28	16	328	5386	848	64	13	227	1210	487	53	3	39	126	57	15	292	0	89	10000	4.5	6	17.575
4	18	30	26	6	12	103	361	217	23	24	347	5242	885	76	29	274	1190	499	48	4	36	119	78	11	262	0	76	10000	4.5	6	17.125
0	16	35	26	5	8	119	379	206	29	20	336	5244	813	54	8	240	1280	546	53	5	24	117	68	10	268	0	91	10000	4.5	6	16.675
3	21	30	25	3	10	107	372	243	33	22	337	5156	908	66	26	264	1222	478	61	10	46	97	82	13	271	0	94	10000	4.5	6	16.225
1	25	25	19	3	11	119	368	236	35	33	371	4988	925	75	23	271	1258	505	63	4	41	118	71	14	313	0	85	10000	4.5	6	15.775
2	14	29	22	5	12	111	394	219	28	36	366	4928	944	72	18	259	1300	519	50	10	39	103	65	12	334	0	109	10000	4.5	6	15.325
4	20	36	26	6	11	108	396	234	39	24	353	4982	903	54	18	272	1312	540	57	5	48	88	69	7	292	0	96	10000	4.5	6	14.875
3	14	38	20	1	12	125	402	242	38	32	369	4863	972	66	21	264	1304	526	55	6	47	98	70	11	297	0	104	10000	4.5	6	14.425
2	10	36	27	5	7	125	384	272	31	37	373	4715	965	88	22	279	1353	547	68	6	48	104	76	12	309	0	99	10000	4.5	6	13.975
2	16	30	25	5	18	113	429	256	33	29	369	4652	1018	58	18	267	1386	545	42	7	42	104	80	11	335	0	110	10000	4.5	6	13.525
5	14	33	30	5	17	115	418	209	36	18	431	4680	971	78	32	272	1385	554	70	10	43	111	66	9	296	0	92	10000	4.5	6	13.075
2	17	46	30	5	20	125	423	264	25	25	416	4592	983	84	18	258	1395	542	54	5	37	116	62	9	334	0	113	10000	4.5	6	12.625
5	14	37	32	8	13	131	404	244	38	27	391	4557	961	71	22	293	1385	594	51	5	48	135	83	14	332	0	105	10000	4.5	6	12.175
4	15	33	33	5	13	160	400	243	30	33	405	4594	1001	77	20	269	1371	619	55	7	34	101	69	10	307	0	92	10000	4.5	6	11.725
2	17	33	23	2	13	137	430	258	41	32	382	4510	1000	64	22	278	1401	586	69	6	37	125	72	15	347	0	98	10000	4.5	6	11.275
5	21	48	27	7	11	141	449	240	40	31	403	4456	997	75	29	283	1426	589	50	9	51	112	73	8	307	0	112	10000	4.5	6	10.825
2	22	33	37	8	11	149	435	275	40	31	399	4428	1061	62	14	288	1383	604	58	9	47	119	71	10	320	0	84	10000	4.5	6	10.375
3	26	29	28	6	26	123	425	276	42	28	367	4485	993	77	18	269	1427	598	57	8	42	112	80	12	330	0	113	10000	4.5	6	9.925
2	24	36	28	8	15	132	413	263	41	43	394	4439	1007	88	23	274	1376	619	61	5	51	115	79	10	341	0	113	10000	4.5	6	9.475
3	15	47	43	9	13	151	413	274	32	34	443	4357	1016	87	22	304	1411	549	44	7	62	135	81	9	336	0	103	10000	4.5	6	9.025
3	15	39	30	3	21	113	433	270	37	27	430	4362	1023	66	19	283	1480	570	62	6	45	115	82	13	337	0	116	10000	4.5	6	8.575
2	28	48	35	5	11	135	432	249	24	30	452	4327	1042	66	21	292	1475	575	65	7	47	131	81	7	315	0	98	10000	4.5	6	8.125
2	14	38	36	6	18	145	470	299	32	33	447	4228	1016	67	18	298	1463	573	65	9	58	116	87	11	344	0	107	10000	4.5	6	7.675
5	26	33	28	7	12	135	463	254	38	43	437	4296	1034	71	36	301	1418	572	52	10	50	126	82	12	349	0	110	10000	4.5	6	7.225
4	23	45	19	9	19	127	443	256	43	34	458	4316	1051	79	23	294	1427	591	50	6	52	121	73	16	310	0	111	10000	4.5	6	6.775
4	15	50	31	5	14	151	489	289	27	30	401	4235	1048	65	22	311	1424	582	69	12	53	120	79	9	362	0	103	10000	4.5	6	6.325
4	18	51	26	6	17	124	460	267	44	21	423	4166	1089	67	18	291	1497	595	58	5	42	151	86	11	347	0	116	10000	4.5	6	5.875
8	24	45	35	7	13	129	435	289	26	30	442	4241	1058	79	26	294	1436	606	68	6	51	107	81	17	348	0	99	10000	4.5	6	5.425
7	14	42	28	6	9	136	459	297	23	31	461	4245	1070	83	27	302	1459	567	64	3	37	129	67	16	313	0	105	10000	4.5	6	4.975
2	25	51	40	5	15	155	431	242	40	30	419	4215	1017	76	27	291	1505	601	57	7	50	131	71	9	388	0	100	10000	4.5	6	4.525
5	18	42	38	1	16	152	426	287	35	24	433	4213	1064	87	22	279	1485	578	58	8	51	121	96	8	333	9	111	10000	4.5	6	4.075
2	12	43	22	2	10	141	506	276	32	36	425	4190	1018	82	23	281	1485	648	58	6	55	95	73	13	310	55	101	10000	4.5	6	3.625
3	19	41	24	6	11	149	456	269	30	30	456	4147	974	78	28	292	1420	625	62	4	60	107	80	10	333	168	118	10000	4.5	6	3.175
1	16	37	36	5	13	116	454	257	30	37	398	4039	1012	64	30	303	1439	544	60	8	63	115	76	14	340	379	114	10000	4.5	6	2.725
4	19	39	37	5	13	138	416	260	32	28	431	3821	1007	73	27	275	1349	582	52	7	47	111	62	12	328	717	108	10000	4.5	6	2.275
5	21	32	20	5	12	142	377	236	34	26	410	3645	914	71	19	296	1302	527	48	4	40	122	85	13	274	1226	94	10000	4.5	6	1.825
3	18	37	23	7	12	135	350	204	33	28	359	3303	863	58	25	234	1195	545	53	7	34	107	72	13	288	1892	102	10000	4.5	6	1.375
2	18	32	27	6	20	112	335	197	25	20	349	3001	797	59	16	234	1104	434	54	4	39	97	58	8	273	2607	72	10000	4.5	6	0.925
3	10	34	15	7	8	107	332	185	28	24	292	2643	749	48	16	182	940	388	32	5	31	83	45	14	251	3456	72	10000	4.5	6	0.475
3	11	31	12	4	7	69	272	139	15	26	284	2385	616	53	13	178	801	327	27	3	26	63	40	7	173	4326	89	10000	4.5	6	0.025
4	14	23	19	2	6	64	234	122	19	16	214	1893	536	41	14	133	731	316	31	1	17	63	47	5	196	5183	56	10000	4.5	6	-0.425
0	6	16	17	2	4	77	211	120	13	11	193	1712	444	32	12	137	590	271	28	5	29	48	35	6	175	5751	55	10000	4.5	6	-0.875
0	8	19	19	3	5	45	192	109	14	17	150	1416	439	34	11	124	566	237	16	2	16	52	29	5	129	6303	40	10000	4.5	6	-1.325
2	6	20	11	1	2	49	148	85	15	11	142	1240	348	24	8	90	430	178	21	1	19	48	21	2	167	6868	43	10000	4.5	6	-1.775
0	4	16	7	4	6	48	125	72	12	13	123	1111	316	35	6	68	406	174	7	0	12	41	20	1	114	7232	27	10000	4.5	6	-2.225
1	7	5	5	2	2	43	122	63	9	7	113	962	235	14	4	84	321	143	14	2	5	39	26	2	121	7622	27	10000	4.5	6	-2.675
1	6	8	4	3	5	32	111	62	11	2	99	740	241	11	1	54	326	140	13	5	17	27	21	3	103	7934	20	10000	4.5	6	-3.125
0	5	11	3	0	3	27	98	66	8	1	85	640	217	17	3	51	246	125	20	0	6	21	21	2	105	8192	27	10000	4.5	6	-3.575
0	7	9	7	2	2	26	96	60	5	6	66	591	177	10	5	35	226	122	7	0	8	16	16	2	114	8365	20	10000	4.5	6	-4.025
0	0	5	3	2	4	13	75	42	5	2	64	465	142	14	3	43	215	63	6	1	6	23	6	4	112	8668	14	10000	4.5	6	-4.475
0	6	8	7	3	4	19	63	33	3	2	58	408	134	8	6	34	185	74	10	1	8	16	11	1	106	8778	14	10000	4.5	6	-4.925
0	5	2	6	1	3	15	49	29	3	3	46	398	132	5	2	35	185	76	2	0	3	13	9	4	119	8843	12	10000	4.5	6	-5.375
1	1	6	3	2	1	13	38	24	5	2	46	308	101	5	4	26	159	67	7	1	8	12	6	2	106	9037	9	10000	4.5	6	-5.825
1	4	4	4	0	3	12	39	25	1	1	38	300	84	7	3	22	109	61	6	0	3	18	3	1	162	9085	4	10000	4.5	6	-6.275
0	2	0	2	0	4	10	40	22	0	1	34	255	74	8	1	22	103	50	4	0	1	3	6	0	149	9203	6	10000	4.5	6	-6.725
0	1	7	2	0	1	4	30	9	3	5	20	218	72	4	1	16	89	33	2	1	5	7	4	1	159	9301	5	10000	4.5	6	-7.175
0	2	3	1	0	1	10	21	13	0	1	25	193	56	2	3	19	75	33	3	0	2	5	4	1	196	9325	6	10000	4.5	6	-7.625
0	0	1	3	0	1	5	19	9	3	3	13	143	49	4	3	13	48	23	6	0	0	3	3	0	200	9443	5	10000	4.5	6	-8.075
0	0	0	4	0	2	6	17	9	2	4	14	134	47	1	2	12	55	24	3	0	2	5	3	0	271	9378	5	10000	4.5	6	-8.525
0	1	3	2	0	1	1	16	9	0	4	14	110	33	0	0	8	51	22	3	0	2	5	2	1	274	9437	1	10000	4.5	6	-8.975
0	0	2	3	0	0	4	13	12	1	3	11	113	36	1	2	12	41	16	0	0	2	5	2	0	319	9400	2	10000	4.5	6	-9.425
0	0	1	0	0	0	6	14	10	0	1	17	88	26	4	1	9	39	17	2	2	1	1	4	0	353	9400	4	10000	4.5	6	-9.875
0	0	0	0	0	1	6	10	13	0	1	8	58	34	2	1	4	22	14	2	1	0	2	2	0	414	9402	3	10000	4.5	6	-10.325
0	1	0	0	0	0	4	10	4	0	0	4	76	19	2	0	2	39	8	2	0	1	4	0	0	521	9302	1	10000	4.5	6	-10.775
0	1	0	0	0	0	0	7	3	0	1	7	66	17	2	0	10	22	20	0	0	0	4	1	0	526	9312	1	10000	4.5	6	-11.225
0	1	1	2	1	1	2	8	5	0	0	5	48	15	0	0	1	24	6	0	0	1	4	1	1	608	9263	2	10000	4.5	6	-11.675
0	0	0	0	1	1	1	9	3	0	2	8	55	16	1	2	3	21	8	1	0	2	3	0	0	733	9130	0	10000	4.5	6	-12.125
0	0	2	2	0	0	1	3	4	0	0	2	29	8	3	0	4	18	6	0	0	2	1	0	0	919	8996	0	10000	4.5	6	-12.575
0	0	0	0	0	0	1	7	2	0	1	2	41	15	1	0	4	13	6	1	0	0	1	0	0	935	8970	0	10000	4.5	6	-13.025
0	0	1	0	0	0	1	2	6	0	0	2	17	8	2	0	1	16	7	0	0	1	0	2	0	1088	8844	2	10000	4.5	6	-13.475
0	0	0	1	0	0	1	2	3	1	1	0	14	5	1	1	3	16	4	0	0	0	0	0	0	1298	8648	1	10000	4.5	6	-13.925
0	2	1	0	1	0	2	2	3	0	1	2	22	4	1	0	4	14	3	0	1	0	3	1	0	1471	8459	3	10000	4.5	6	-14.375
0	0	0	0	0	0	0	4	1	0	0	1	14	6	0	0	0	7	1	1	0	0	0	0	0	1662	8302	1	10000	4.5	6	-14.825
0	0	0	1	0	0	0	1	2	0	0	2	14	3	0	0	1	7	1	0	0	1	0	0	0	1986	7980	1	10000	4.5	6	-15.275
0	0	0	0	0	0	0	3	1	0	0	2	12	6	0	0	0	8	6	0	0	0	0	0	0	2278	7683	1	10000	4.5	6	-15.725
0	0	0	0	0	0	0	2	0	0	0	1	10	2	0	0	3	7	2	0	0	0	0	1	0	2643	7329	0	10000	4.5	6	-16.175
0	0	0	0	0	0	0	0	1	0	0	1	13	6	0	1	0	5	2	0	0	1	2	0	0	3028	6940	0	10000	4.5	6	-16.625
0	0	0	0	0	0	0	3	0	0	0	3	11	3	1	0	0	4	1	0	0	1	1	0	0	3511	6459	2	10000	4.5	6	-17.075
0	0	1	0	0	0	1	0	0	1	0	1	7	1	0	0	0	2	0	0	0	0	1	0	0	4095	5890	0	10000	4.5	6	-17.525
0	0	0	0	0	0	0	0	0	0	0	1	2	2	0	0	0	2	2	0	0	0	0	0	0	4522	5469	0	10000	4.5	6	-17.975
0	0	0	0	0	0	1	0	1	1	0	1	7	4	0	0	1	2	0	0	0	0	1	0	0	5363	4618	0	10000	4.5	6	-18.425
0	0	0	0	0	0	0	0	0	0	0	2	3	1	0	0	0	3	3	0	0	0	0	0	0	6241	3747	0	10000	4.5	6	-18.875
0	0	0	0	0	0	1	0	1	0	0	0	3	0	0	0	0	2	2	0	0	0	0	0	0	6916	3075	0	10000	4.5	6	-19.325
0	0	0	0	0	0	0	1	0	0	0	0	1	1	0	0	0	0	0	0	0	0	0	0	0	7651	2346	0	10000	4.5	6	-19.775
