100	
1	8	52	57	9	9	79	518	498	81	18	206	2802	2708	149	8	135	890	900	111	3	22	84	88	17	424	0	123	10000	14.5	3	24.775
1	20	58	45	24	10	89	521	572	77	7	190	2792	2754	148	7	117	847	848	97	1	25	96	108	28	417	0	101	10000	14.5	3	24.325
4	13	44	50	20	10	100	560	504	72	14	209	2820	2755	162	12	141	913	793	110	3	26	87	92	14	366	0	106	10000	14.5	3	23.875
1	22	41	56	11	7	92	540	583	57	8	207	2742	2745	158	7	121	924	852	103	1	27	87	71	17	399	0	121	10000	14.5	3	23.425
1	19	63	55	9	11	95	540	554	59	10	201	2733	2708	178	14	156	946	771	101	2	19	104	105	25	395	0	126	10000	14.5	3	22.975
2	14	53	51	17	17	80	536	522	73	16	178	2843	2746	148	8	125	841	898	106	1	19	82	81	17	401	0	125	10000	14.5	3	22.525
1	15	48	48	10	6	104	488	514	81	16	180	2794	2733	184	9	137	878	935	103	2	17	80	85	25	399	0	108	10000	14.5	3	22.075
1	22	50	55	16	10	88	568	538	66	9	205	2771	2695	168	8	128	905	829	111	5	30	77	80	16	438	0	111	10000	14.5	3	21.625
4	11	51	61	8	8	100	510	502	75	12	190	2773	2764	175	7	140	876	909	107	0	24	95	88	22	387	0	101	10000	14.5	3	21.175
0	18	49	60	14	6	88	507	542	87	14	193	2752	2758	156	12	135	852	899	103	1	22	80	91	23	398	0	140	10000	14.5	3	20.725
2	14	55	47	13	13	92	528	511	80	16	208	2771	2780	154	13	126	839	857	119	3	29	80	89	21	426	0	114	10000	14.5	3	20.275
4	20	50	60	8	10	89	488	599	74	13	201	2729	2797	151	13	130	893	857	83	1	18	84	88	21	403	0	116	10000	14.5	3	19.825
5	19	44	52	14	11	86	504	571	76	23	199	2742	2808	177	14	106	862	842	122	4	23	88	103	15	369	0	121	10000	14.5	3	19.375
2	21	63	39	10	10	83	563	553	76	17	192	2725	2715	158	12	138	890	888	114	3	25	96	85	17	401	0	104	10000	14.5	3	18.925
5	11	48	50	8	7	83	508	585	81	23	188	2708	2780	189	5	141	879	854	106	4	19	81	79	20	403	0	135	10000	14.5	3	18.475
4	14	72	60	15	9	104	555	525	79	11	193	2706	2781	157	9	144	883	834	108	3	23	93	97	23	349	0	149	10000	14.5	3	18.025
3	20	71	56	19	10	72	537	527	82	9	181	2749	2749	161	13	139	934	843	106	4	21	80	77	16	381	0	140	10000	14.5	3	17.575
0	18	49	58	12	13	98	469	553	90	10	191	2716	2733	160	6	131	959	860	108	7	24	93	89	14	405	0	134	10000	14.5	3	17.125
5	20	49	53	12	10	105	544	558	90	13	187	2741	2703	154	9	114	874	891	131	1	21	104	77	19	401	0	114	10000	14.5	3	16.675
3	13	54	51	13	8	99	521	573	80	6	221	2729	2766	167	7	131	869	834	113	1	23	87	91	13	415	0	112	10000	14.5	3	16.225
2	18	52	40	11	6	90	563	549	72	19	209	2753	2706	173	7	131	906	852	93	1	28	85	93	16	415	0	110	10000	14.5	3	15.775
2	15	54	51	16	12	93	477	535	75	14	212	2778	2795	169	16	115	892	864	91	1	33	69	88	17	397	0	119	10000	14.5	3	15.325
3	12	44	66	10	11	95	503	529	86	21	214	2708	2744	167	19	135	884	878	119	4	35	91	96	21	397	0	108	10000	14.5	3	14.875
1	23	53	55	14	12	86	559	573	65	14	185	2770	2640	178	8	139	843	898	101	2	28	82	120	16	416	0	119	10000	14.5	3	14.425
4	17	46	60	15	8	98	539	562	67	13	187	2732	2699	170	8	136	880	886	96	3	19	96	98	20	426	0	115	10000	14.5	3	13.975
0	15	50	57	12	9	97	506	586	82	13	201	2848	2693	169	9	138	884	815	97	1	27	98	76	14	368	0	135	10000	14.5	3	13.525
4	17	42	52	11	14	92	511	533	82	17	200	2683	2757	170	19	135	917	873	119	2	30	78	83	15	421	0	123	10000	14.5	3	13.075
3	12	58	57	10	6	80	545	526	78	23	222	2639	2732	183	7	142	881	897	120	0	24	89	92	17	419	0	138	10000	14.5	3	12.625
2	16	40	56	14	13	95	545	525	89	17	198	2730	2647	171	10	134	948	886	104	0	21	102	90	23	407	0	117	10000	14.5	3	12.175
2	13	57	59	13	9	109	528	591	73	13	175	2714	2675	185	7	128	893	903	101	4	25	88	86	17	416	0	116	10000	14.5	3	11.725
5	26	52	60	9	6	119	535	583	77	19	216	2673	2658	152	17	144	871	912	117	2	15	85	96	18	416	0	117	10000	14.5	3	11.275
2	19	47	51	14	11	101	590	565	75	13	208	2686	2656	169	10	139	914	859	89	3	28	92	91	25	421	0	122	10000	14.5	3	10.825
2	17	55	60	10	9	93	532	540	74	16	193	2787	2640	204	14	124	930	854	111	1	19	85	77	12	416	0	125	10000	14.5	3	10.375
0	14	55	43	10	7	104	557	562	76	13	206	2728	2626	164	9	138	917	896	109	0	32	93	104	13	411	0	113	10000	14.5	3	9.925
1	17	72	48	16	10	100	566	551	82	18	225	2648	2681	167	13	120	883	853	127	3	24	89	95	32	424	0	135	10000	14.5	3	9.475
2	12	49	50	9	8	93	555	539	89	17	196	2726	2682	160	10	143	942	829	121	2	32	85	92	18	408	0	131	10000	14.5	3	9.025
3	15	57	64	17	1	101	577	547	86	17	202	2683	2685	170	14	127	880	888	98	1	26	90	90	17	427	0	117	10000	14.5	3	8.575
3	15	50	50	16	10	83	578	546	78	16	218	2686	2670	162	8	113	947	914	108	4	27	80	83	16	409	0	110	10000	14.5	3	8.125
2	15	68	58	13	5	98	574	556	92	15	203	2736	2609	182	14	125	933	857	95	0	23	78	83	21	414	0	131	10000	14.5	3	7.675
2	18	62	59	14	15	129	528	568	85	4	215	2677	2666	184	12	124	900	833	132	2	27	96	86	22	401	0	139	10000	14.5	3	7.225
0	21	72	54	16	6	76	515	580	82	12	196	2746	2624	192	13	131	910	869	128	3	24	82	98	16	400	0	134	10000	14.5	3	6.775
5	11	51	60	12	12	96	528	566	84	13	229	2650	2649	185	13	136	874	922	94	4	30	96	94	18	419	0	149	10000	14.5	3	6.325
1	18	52	58	15	11	93	510	524	77	11	199	2756	2651	177	17	131	913	916	91	4	31	91	88	20	405	0	140	10000	14.5	3	5.875
2	10	54	50	11	9	87	583	551	71	26	216	2612	2646	168	9	121	900	885	123	1	24	106	109	20	458	0	148	10000	14.5	3	5.425
1	15	58	49	15	9	103	553	575	78	13	189	2704	2677	173	12	123	879	890	103	2	31	94	94	21	410	0	129	10000	14.5	3	4.975
3	19	68	60	12	13	113	591	562	75	15	194	2654	2609	161	10	126	877	920	113	2	35	85	102	17	439	2	123	10000	14.5	3	4.525
3	21	55	65	14	13	109	555	541	96	23	189	2588	2705	189	18	131	935	848	115	1	33	89	91	27	428	8	110	10000	14.5	3	4.075
0	14	45	47	10	13	94	554	590	71	10	199	2662	2590	174	10	125	908	916	140	1	24	108	84	19	425	57	110	10000	14.5	3	3.625
1	16	49	47	7	9	104	543	537	86	16	207	2621	2614	161	10	133	913	902	112	3	22	75	81	21	432	152	126	10000	14.5	3	3.175
3	20	56	54	13	6	123	563	534	75	11	185	2532	2545	153	12	135	902	855	105	5	25	76	94	24	420	348	126	10000	14.5	3	2.725
2	12	46	64	6	6	90	503	536	86	15	195	2491	2456	183	11	124	825	820	115	3	17	79	80	21	367	735	112	10000	14.5	3	2.275
4	15	46	44	9	13	90	488	502	57	9	163	2426	2334	145	7	93	760	757	80	5	17	72	70	25	428	1237	104	10000	14.5	3	1.825
4	16	45	40	12	7	72	472	468	44	8	180	2099	2191	154	13	101	698	719	101	2	20	78	87	15	358	1902	94	10000	14.5	3	1.375
2	11	38	43	8	6	62	388	403	45	14	139	1968	1972	140	12	96	701	673	85	5	14	52	69	13	336	2611	94	10000	14.5	3	0.925
3	16	30	37	4	3	70	354	367	55	17	125	1702	1736	129	13	78	557	592	64	2	19	54	69	8	304	3516	76	10000	14.5	3	0.475
1	5	34	23	9	2	61	291	302	48	6	129	1491	1519	100	8	90	531	509	79	1	17	48	48	16	270	4295	67	10000	14.5	3	0.025
2	2	22	23	3	3	41	260	250	37	11	102	1230	1262	73	7	67	461	453	61	0	7	38	48	18	248	5221	50	10000	14.5	3	-0.425
1	9	25	24	5	3	51	226	238	27	12	104	1088	1066	93	2	69	373	387	51	1	9	44	39	9	172	5823	49	10000	14.5	3	-0.875
0	3	16	26	2	3	33	176	216	36	6	76	965	911	75	5	64	323	328	52	3	9	33	35	12	186	6365	41	10000	14.5	3	-1.325
1	6	18	16	6	2	28	183	182	21	5	71	849	845	63	4	40	303	285	45	1	16	32	28	6	152	6762	30	10000	14.5	3	-1.775
1	6	9	15	3	0	38	171	157	27	3	63	714	709	45	4	32	252	225	26	1	6	31	26	9	158	7236	33	10000	14.5	3	-2.225
1	7	17	8	6	5	23	118	140	20	5	59	594	634	55	6	39	203	220	33	0	7	33	28	4	141	7563	31	10000	14.5	3	-2.675
0	4	14	12	1	2	17	125	136	18	3	49	527	524	38	3	28	207	181	26	0	11	25	15	5	154	7855	20	10000	14.5	3	-3.125
0	1	11	13	0	1	13	112	105	14	4	51	439	450	37	4	30	188	159	10	0	6	14	19	4	144	8145	26	10000	14.5	3	-3.575
0	4	9	10	1	0	13	85	81	11	2	36	388	375	20	5	22	158	136	13	0	2	17	18	4	118	8454	18	10000	14.5	3	-4.025
0	3	6	3	3	0	13	60	73	16	5	28	380	361	36	1	16	127	121	16	0	4	11	13	4	136	8552	12	10000	14.5	3	-4.475
1	1	3	10	2	1	11	56	78	17	3	26	296	284	26	2	9	95	101	12	0	3	6	13	4	121	8801	18	10000	14.5	3	-4.925
0	3	3	5	4	1	12	55	61	12	1	14	255	249	11	2	10	110	95	16	0	2	8	4	2	141	8914	10	10000	14.5	3	-5.375
0	0	8	7	0	1	7	45	56	7	0	13	221	213	20	1	10	77	85	9	0	5	9	9	3	136	9044	14	10000	14.5	3	-5.825
1	0	7	4	1	1	10	42	47	6	3	21	186	193	18	1	12	65	80	6	2	0	5	9	1	160	9116	3	10000	14.5	3	-6.275
0	1	5	2	1	1	9	28	53	9	0	15	185	180	14	0	7	50	71	9	0	1	3	7	1	155	9181	12	10000	14.5	3	-6.725
0	2	1	2	0	0	10	41	40	3	2	16	153	147	7	1	7	61	39	8	0	0	4	5	3	148	9297	3	10000	14.5	3	-7.175
0	3	1	1	0	1	8	24	26	2	1	14	118	129	9	0	10	43	39	8	0	3	4	5	1	201	9342	7	10000	14.5	3	-7.625
0	0	3	0	0	1	1	30	18	3	2	9	106	123	8	1	4	37	68	2	0	1	4	5	1	220	9347	6	10000	14.5	3	-8.075
0	1	2	3	3	0	2	23	21	6	0	5	70	97	7	0	6	34	37	6	0	1	6	5	0	266	9397	2	10000	14.5	3	-8.525
0	0	0	3	0	0	0	19	14	1	1	9	73	75	10	1	7	34	34	2	0	0	1	7	1	286	9420	2	10000	14.5	3	-8.975
0	2	3	1	0	0	2	14	19	4	0	5	74	92	8	2	6	21	24	5	0	0	3	0	0	345	9366	4	10000	14.5	3	-9.425
0	0	2	3	0	0	5	11	15	3	0	8	40	75	0	1	3	23	23	0	1	1	1	0	0	375	9405	5	10000	14.5	3	-9.875
0	0	2	2	0	0	5	9	10	3	0	3	54	48	3	0	1	17	14	1	0	0	4	3	1	391	9425	4	10000	14.5	3	-10.325
0	0	2	1	1	0	4	8	11	3	0	3	42	45	3	1	3	18	19	1	0	0	1	1	0	474	9358	1	10000	14.5	3	-10.775
0	2	0	2	0	0	1	6	9	2	0	4	34	39	3	0	4	15	15	4	0	0	5	1	0	556	9298	0	10000	14.5	3	-11.225
0	1	0	0	0	0	0	6	14	2	0	3	32	29	2	0	3	9	10	1	0	1	3	2	0	646	9234	2	10000	14.5	3	-11.675
0	0	0	1	1	0	0	5	7	2	0	0	33	33	2	0	1	11	9	0	0	0	2	1	0	756	9134	2	10000	14.5	3	-12.125
0	0	0	0	0	0	1	6	7	0	0	3	22	24	3	0	1	10	9	2	0	0	1	3	0	834	9071	3	10000	14.5	3	-12.575
0	1	1	1	0	0	1	3	4	0	0	5	21	24	8	0	2	6	10	0	0	0	0	4	0	948	8958	3	10000	14.5	3	-13.025
0	0	0	0	0	0	3	4	3	0	0	4	16	23	2	0	0	4	9	0	0	0	1	1	0	1116	8812	2	10000	14.5	3	-13.475
0	0	1	1	0	0	0	3	0	0	0	5	17	19	3	0	1	3	3	0	0	0	0	1	0	1299	8644	0	10000	14.5	3	-13.925
0	0	0	2	0	0	2	1	2	0	0	2	14	20	1	0	2	6	2	1	0	0	1	0	0	1483	8459	2	10000	14.5	3	-14.375
0	0	0	1	0	0	0	0	2	0	0	2	12	11	1	0	0	4	7	1	0	0	0	1	1	1656	8301	0	10000	14.5	3	-14.825
0	0	0	0	0	0	1	0	0	1	0	1	13	14	0	0	1	3	7	0	0	0	1	0	0	1971	7986	1	10000	14.5	3	-15.275
0	0	0	0	0	1	1	1	0	1	0	1	6	13	1	0	0	4	1	2	0	0	0	0	0	2322	7645	1	10000	14.5	3	-15.725
0	1	0	1	0	0	0	3	3	0	0	1	7	11	1	0	0	3	3	0	0	0	0	0	0	2620	7346	0	10000	14.5	3	-16.175
0	0	0	1	0	0	0	1	5	0	0	1	1	6	1	0	0	2	2	0	0	0	0	1	0	3078	6901	0	10000	14.5	3	-16.625
0	0	0	0	0	0	0	0	1	1	0	0	4	2	1	0	0	6	1	0	0	0	1	0	0	3496	6486	1	10000	14.5	3	-17.075
0	0	0	0	0	0	0	0	2	0	0	1	4	6	0	0	0	2	0	0	0	0	0	0	0	4029	5956	0	10000	14.5	3	-17.525
0	0	0	0	0	1	0	2	1	0	0	1	5	5	0	0	0	1	1	0	0	0	0	0	0	4573	5410	0	10000	14.5	3	-17.975
0	0	0	0	0	0	1	1	2	0	0	0	3	2	2	0	0	1	3	1	0	0	0	0	0	5385	4599	0	10000	14.5	3	-18.425
0	0	0	1	0	0	0	1	1	1	0	0	1	1	0	0	1	3	1	0	0	0	0	0	0	6179	3810	0	10000	14.5	3	-18.875
0	0	0	0	0	0	0	0	0	0	0	0	0	0	1	0	0	2	2	0	0	0	0	0	0	6957	3038	0	10000	14.5	3	-19.325
0	0	0	0	0	0	0	0	0	1	0	0	1	1	0	0	0	0	0	0	0	0	0	0	0	7624	2373	0	10000	14.5	3	-19.775
