100	
0	0	0	1	0	0	3	4	6	0	1	6	9939	7	0	0	4	15	7	0	0	0	1	1	0	5	0	0	10000	3	4	24.775
0	0	0	1	0	1	1	14	6	0	1	6	9879	18	1	1	1	35	11	1	0	0	5	4	0	9	0	5	10000	3	4	24.325
0	2	0	0	0	2	4	30	10	3	0	15	9729	62	3	2	7	70	24	2	0	1	5	3	1	16	0	9	10000	3	4	23.875
1	4	9	1	0	2	6	40	27	2	2	41	9523	84	9	3	19	125	55	2	1	5	6	7	1	18	0	7	10000	3	4	23.425
2	4	4	6	2	1	21	54	38	5	4	66	9195	160	13	4	37	193	83	3	0	8	16	10	1	48	0	22	10000	3	4	22.975
0	4	6	3	1	2	33	76	40	7	6	72	9062	166	12	5	46	252	90	10	0	9	24	8	1	43	0	22	10000	3	4	22.525
2	4	9	5	0	0	35	87	63	5	6	76	8888	205	13	8	77	259	115	15	2	6	24	16	2	63	0	15	10000	3	4	22.075
1	4	7	7	2	3	32	112	70	7	9	105	8786	217	15	7	57	270	112	8	2	15	36	23	3	71	0	19	10000	3	4	21.625
0	7	10	10	1	7	42	132	61	10	10	113	8571	247	20	3	82	352	124	16	2	13	31	10	9	94	0	23	10000	3	4	21.175
1	5	14	6	0	7	43	151	75	9	10	126	8368	277	18	6	71	416	181	17	1	12	28	25	5	94	0	34	10000	3	4	20.725
0	5	15	6	0	8	53	131	79	7	7	135	8260	313	33	8	94	447	172	16	1	7	23	31	2	119	0	28	10000	3	4	20.275
0	8	18	8	6	2	52	171	80	8	17	160	8004	373	35	10	103	484	193	21	5	17	37	32	4	122	0	30	10000	3	4	19.825
3	10	15	8	3	3	57	223	116	14	10	193	7842	338	20	16	119	508	194	32	2	18	47	29	3	128	0	49	10000	3	4	19.375
1	6	11	12	2	8	70	206	121	13	22	216	7569	453	36	13	115	580	264	23	2	16	47	24	3	117	0	50	10000	3	4	18.925
4	9	19	19	4	4	81	253	126	20	10	228	7398	460	27	12	120	623	226	19	6	27	49	28	4	161	0	63	10000	3	4	18.475
2	8	26	15	6	4	92	248	142	17	9	230	7209	512	38	10	140	667	266	28	1	24	56	37	5	157	0	51	10000	3	4	18.025
0	11	20	20	5	14	89	270	160	24	17	234	7014	527	28	15	168	695	301	28	2	30	56	32	5	182	0	53	10000	3	4	17.575
0	7	28	26	1	13	94	300	179	15	19	282	6800	552	51	16	162	750	288	27	2	36	61	46	3	171	0	71	10000	3	4	17.125
3	12	29	20	0	13	103	350	173	14	20	284	6563	614	40	14	183	830	304	31	5	25	70	41	2	194	0	63	10000	3	4	16.675
0	12	26	20	3	16	105	326	191	36	25	304	6305	631	44	22	216	925	335	27	1	29	68	37	5	212	0	79	10000	3	4	16.225
3	16	39	26	2	14	128	353	202	31	29	346	6160	647	58	19	189	883	344	38	3	40	69	52	10	228	0	71	10000	3	4	15.775
4	22	32	21	6	14	140	356	213	31	20	340	6060	660	51	17	211	912	362	41	4	33	76	54	5	225	0	90	10000	3	4	15.325
4	24	23	28	3	19	112	375	219	24	32	346	5950	722	60	13	204	918	371	45	3	45	89	51	8	235	0	77	10000	3	4	14.875
1	24	36	27	4	26	129	399	212	30	29	374	5782	741	54	20	222	935	381	40	9	38	87	51	8	245	0	96	10000	3	4	14.425
3	18	42	30	6	15	147	402	213	28	34	398	5653	726	54	22	225	1018	381	40	1	39	71	61	6	279	0	88	10000	3	4	13.975
5	19	32	26	2	13	131	433	224	32	42	352	5614	762	51	15	230	1054	397	39	10	47	82	48	9	244	0	87	10000	3	4	13.525
5	17	41	41	4	17	151	443	241	24	29	419	5378	798	54	18	254	1056	427	43	3	39	81	54	6	278	0	79	10000	3	4	13.075
4	22	44	23	8	16	131	450	183	34	26	400	5451	750	48	19	267	1072	427	43	5	43	82	60	12	272	0	108	10000	3	4	12.625
3	15	33	23	5	15	129	463	262	29	23	429	5297	883	67	15	263	1020	430	39	6	40	89	52	9	261	0	100	10000	3	4	12.175
2	14	53	29	7	17	151	488	235	26	36	438	5298	822	61	13	274	983	425	39	6	49	88	53	8	283	0	102	10000	3	4	11.725
5	19	27	30	8	13	155	441	239	28	32	426	5172	824	58	19	271	1121	462	44	5	50	92	69	11	295	0	84	10000	3	4	11.275
4	18	37	27	6	16	164	488	259	23	34	479	5063	805	53	17	271	1139	445	35	6	38	96	52	5	305	0	115	10000	3	4	10.825
2	23	26	33	7	23	156	450	274	20	33	443	5070	792	57	17	255	1178	478	39	9	53	98	62	13	272	1	116	10000	3	4	10.375
2	19	39	29	6	29	164	484	275	29	33	457	5007	828	58	17	314	1184	434	41	7	42	86	53	8	248	0	107	10000	3	4	9.925
2	19	41	19	7	20	163	520	261	34	36	493	5013	855	72	29	267	1065	448	50	4	43	87	49	7	300	0	96	10000	3	4	9.475
7	17	44	40	4	14	180	523	277	32	24	486	4927	873	42	25	291	1103	429	46	6	35	89	65	9	307	0	105	10000	3	4	9.025
5	22	41	43	4	17	177	493	273	30	42	446	4978	836	65	20	259	1127	434	44	4	46	112	68	9	301	0	104	10000	3	4	8.575
7	27	57	32	6	19	170	521	271	35	28	474	4790	923	67	27	268	1106	461	44	6	54	97	62	8	324	0	116	10000	3	4	8.125
3	16	50	38	3	16	140	514	263	33	28	477	4864	874	67	36	282	1136	486	44	5	44	109	77	12	271	0	112	10000	3	4	7.675
5	17	49	31	6	20	162	525	257	25	35	497	4788	889	56	23	278	1173	488	36	6	46	107	60	13	296	0	112	10000	3	4	7.225
10	16	47	29	10	14	170	497	301	36	47	499	4774	858	61	35	283	1172	472	42	7	56	98	61	9	294	0	102	10000	3	4	6.775
1	28	45	34	11	14	158	484	279	24	46	481	4808	889	69	31	260	1163	438	45	8	48	94	72	9	343	0	118	10000	3	4	6.325
2	18	40	35	10	17	173	533	299	34	27	461	4873	889	65	27	270	1164	415	45	5	53	81	60	12	294	0	98	10000	3	4	5.875
4	25	40	44	6	24	163	565	269	32	37	480	4820	883	70	22	305	1120	426	39	5	44	80	67	10	318	0	102	10000	3	4	5.425
2	12	32	28	7	23	162	569	274	33	28	478	4717	951	65	30	307	1142	468	40	8	51	92	66	17	294	0	104	10000	3	4	4.975
8	31	42	36	5	22	164	531	257	32	34	474	4725	894	53	30	275	1212	500	49	5	37	98	59	9	307	2	109	10000	3	4	4.525
3	24	43	27	5	18	157	484	283	24	39	482	4758	857	75	18	326	1213	459	41	10	40	94	64	10	307	9	130	10000	3	4	4.075
2	25	50	43	5	20	179	528	287	38	31	492	4676	856	75	26	318	1191	438	52	10	43	88	63	12	288	62	102	10000	3	4	3.625
1	22	44	37	10	18	154	558	244	30	24	500	4580	879	70	25	291	1203	449	52	3	44	106	61	8	303	173	111	10000	3	4	3.175
5	27	42	26	4	19	171	507	260	34	35	461	4440	868	63	29	316	1167	459	42	7	52	82	56	14	304	405	105	10000	3	4	2.725
5	19	37	18	6	11	171	488	255	32	29	472	4280	849	76	20	288	1151	429	55	4	34	98	66	8	291	714	94	10000	3	4	2.275
4	19	44	25	7	20	135	454	264	36	39	452	4028	787	41	17	293	1006	422	48	5	40	97	53	12	269	1296	87	10000	3	4	1.825
4	21	54	32	6	13	147	446	201	24	28	445	3698	725	58	22	236	982	401	33	3	30	84	47	4	243	1936	77	10000	3	4	1.375
6	24	30	18	10	19	133	404	186	28	28	403	3328	709	50	21	235	924	366	38	8	38	76	48	10	234	2553	73	10000	3	4	0.925
3	17	28	28	4	11	133	355	174	17	29	295	2990	640	45	19	221	845	301	32	7	20	59	35	10	219	3383	80	10000	3	4	0.475
3	14	26	19	8	8	116	327	188	24	14	279	2514	526	50	20	165	737	274	24	5	37	61	31	4	208	4263	55	10000	3	4	0.025
1	10	22	14	3	9	83	264	139	13	26	268	2085	508	28	16	146	599	212	23	4	29	49	20	2	152	5220	55	10000	3	4	-0.425
1	11	24	7	3	6	81	223	118	10	22	213	1860	388	33	15	126	525	200	10	0	15	31	14	3	140	5866	55	10000	3	4	-0.875
0	9	21	10	2	7	75	198	102	8	13	201	1593	347	31	8	128	474	175	21	2	14	40	27	2	135	6308	49	10000	3	4	-1.325
0	6	19	9	0	6	57	164	83	10	12	163	1395	322	20	10	97	426	152	24	1	17	40	16	0	151	6768	32	10000	3	4	-1.775
1	15	14	12	3	4	60	154	85	7	9	123	1143	269	23	4	80	351	128	17	6	20	28	17	2	135	7262	28	10000	3	4	-2.225
0	9	10	12	2	7	55	138	70	9	14	112	977	240	12	4	59	304	102	9	0	8	22	15	4	115	7657	34	10000	3	4	-2.675
2	6	15	10	3	3	30	129	54	7	5	113	877	208	17	9	66	259	104	6	0	14	15	15	4	105	7893	31	10000	3	4	-3.125
0	1	9	4	0	4	31	104	58	8	6	89	761	198	24	10	63	232	90	5	0	8	20	9	2	112	8135	17	10000	3	4	-3.575
1	4	7	5	2	3	24	76	44	7	5	85	625	136	14	8	48	192	82	4	1	7	16	11	2	99	8474	18	10000	3	4	-4.025
1	1	12	11	1	4	19	63	30	3	9	76	553	141	8	7	35	176	62	4	0	4	12	10	1	123	8617	17	10000	3	4	-4.475
0	3	4	6	0	1	28	78	43	6	7	56	438	114	9	3	32	133	56	10	1	6	16	12	1	107	8816	14	10000	3	4	-4.925
0	4	8	5	1	2	24	66	22	4	1	52	376	106	3	3	25	113	58	6	1	6	10	10	1	144	8936	13	10000	3	4	-5.375
0	1	4	5	0	2	23	62	28	3	8	41	336	80	12	5	27	103	47	7	1	4	11	8	2	118	9050	12	10000	3	4	-5.825
0	0	5	3	1	3	11	52	19	4	4	49	295	86	6	3	26	104	38	4	0	2	7	5	0	134	9128	11	10000	3	4	-6.275
1	3	4	0	0	1	19	45	25	3	1	29	237	63	4	1	24	92	35	3	0	5	5	5	1	155	9235	4	10000	3	4	-6.725
0	0	6	0	0	1	14	41	24	1	0	36	231	59	4	2	16	70	34	3	2	4	5	3	2	187	9246	9	10000	3	4	-7.175
0	1	3	3	0	0	12	29	21	1	1	31	184	46	2	1	21	48	25	4	0	5	7	2	0	195	9353	5	10000	3	4	-7.625
0	0	1	0	0	1	5	19	12	3	2	22	159	40	1	1	16	48	16	5	0	2	3	2	0	231	9405	6	10000	3	4	-8.075
1	0	2	2	1	1	3	22	9	1	1	27	147	37	3	3	14	41	15	2	1	1	3	2	0	253	9403	5	10000	3	4	-8.525
0	1	0	3	0	0	3	18	6	1	0	13	119	41	1	0	7	29	16	0	0	1	2	3	0	288	9446	2	10000	3	4	-8.975
0	1	0	1	0	0	4	19	17	0	0	12	103	31	3	0	8	38	18	0	0	2	2	1	0	311	9423	6	10000	3	4	-9.425
0	0	2	1	0	0	2	12	7	2	2	17	87	24	0	0	5	36	15	1	0	3	3	1	0	355	9423	2	10000	3	4	-9.875
0	0	3	1	0	1	3	15	8	1	0	9	91	14	1	1	6	21	14	1	0	2	2	0	0	428	9376	2	10000	3	4	-10.325
0	0	1	0	0	0	1	7	5	0	2	8	64	19	2	0	6	19	10	1	0	2	3	1	0	500	9347	2	10000	3	4	-10.775
0	1	1	0	0	1	3	13	3	0	0	9	65	18	0	1	5	25	4	1	0	0	1	0	0	521	9327	1	10000	3	4	-11.225
0	0	1	0	0	0	3	7	6	1	2	8	59	18	1	0	3	21	6	0	0	0	1	0	0	607	9255	1	10000	3	4	-11.675
0	0	0	1	0	1	1	3	0	0	1	5	54	5	0	0	2	15	10	2	0	1	3	1	0	738	9157	0	10000	3	4	-12.125
0	0	0	0	0	0	0	6	1	1	0	8	42	10	1	0	1	14	8	0	0	0	0	1	0	918	8988	1	10000	3	4	-12.575
0	1	0	0	0	0	1	5	6	0	0	5	39	12	1	0	1	12	8	0	0	1	2	1	0	993	8911	1	10000	3	4	-13.025
0	0	0	0	0	0	1	6	5	0	0	2	21	14	0	0	2	11	4	0	0	0	0	0	0	1134	8799	1	10000	3	4	-13.475
0	0	0	0	0	1	1	9	1	1	0	2	21	8	0	0	2	10	4	0	0	0	1	1	0	1266	8672	0	10000	3	4	-13.925
0	0	0	0	0	0	3	3	1	0	0	3	20	7	2	1	2	8	5	1	0	0	0	0	0	1459	8484	1	10000	3	4	-14.375
0	0	1	0	0	0	0	0	2	0	0	1	11	2	0	0	4	6	5	0	0	0	0	0	0	1678	8290	0	10000	3	4	-14.825
0	1	0	0	0	1	1	4	1	0	1	1	12	0	1	0	1	5	2	0	0	1	1	0	0	1925	8042	0	10000	3	4	-15.275
0	1	0	0	0	0	1	3	1	0	1	2	15	3	0	0	1	3	2	0	0	0	0	0	0	2275	7692	0	10000	3	4	-15.725
0	0	0	0	0	0	0	2	0	0	0	1	9	5	0	0	0	2	2	0	0	1	0	0	0	2606	7372	0	10000	3	4	-16.175
0	0	0	1	0	0	1	2	0	0	0	1	10	1	0	0	1	7	2	1	0	0	0	0	0	2977	6996	0	10000	3	4	-16.625
0	0	0	0	0	0	0	2	0	0	0	2	10	0	0	0	0	6	1	0	0	1	2	0	0	3466	6510	0	10000	3	4	-17.075
0	0	1	0	0	0	0	4	1	0	0	2	8	2	0	0	0	1	1	0	1	0	0	0	0	4031	5947	1	10000	3	4	-17.525
0	0	0	0	0	1	0	0	0	0	0	1	3	1	0	0	0	2	1	0	0	0	0	0	0	4578	5413	0	10000	3	4	-17.975
0	0	0	0	0	0	0	1	0	0	0	0	2	1	1	0	0	0	0	0	0	0	0	0	0	5360	4634	1	10000	3	4	-18.425
0	0	0	0	0	0	0	0	0	0	0	1	1	3	0	0	1	3	1	0	0	0	0	0	0	6218	3772	0	10000	3	4	-18.875
0	0	0	0	0	0	0	0	1	0	0	0	1	0	0	0	1	2	2	0	0	0	0	0	0	6857	3136	0	10000	3	4	-19.325
0	0	0	0	0	0	0	2	0	0	0	0	2	1	0	0	0	0	0	0	0	0	1	0	0	7697	2297	0	10000	3	4	-19.775
