100	
2	9	23	34	5	8	76	309	314	43	18	321	3372	1407	121	19	246	1832	903	101	4	46	134	119	31	391	0	112	10000	9	9	24.775
2	13	28	27	6	6	97	336	277	31	24	264	3334	1429	122	16	265	1812	985	95	4	43	131	115	18	410	0	110	10000	9	9	24.325
4	6	31	28	10	4	90	340	287	44	19	271	3404	1492	98	18	259	1718	950	93	4	39	153	124	16	378	0	120	10000	9	9	23.875
5	17	32	32	7	14	101	365	264	46	19	278	3216	1417	120	14	226	1824	1012	103	7	40	157	136	20	427	0	101	10000	9	9	23.425
3	12	37	27	3	9	106	336	276	34	24	283	3340	1478	116	18	237	1776	923	113	6	38	132	131	17	406	0	119	10000	9	9	22.975
3	7	33	25	5	15	100	322	257	36	20	271	3353	1477	104	29	232	1783	934	89	7	43	171	145	22	400	0	117	10000	9	9	22.525
4	15	37	22	6	8	96	361	276	36	18	266	3305	1465	121	18	247	1763	1003	90	9	43	163	124	18	377	0	109	10000	9	9	22.075
1	12	34	33	9	12	79	342	286	39	24	272	3387	1467	103	14	238	1719	1005	101	5	41	168	97	17	373	0	122	10000	9	9	21.625
4	13	35	27	2	13	87	340	271	55	27	282	3439	1466	102	23	213	1685	998	88	3	53	144	116	24	363	0	127	10000	9	9	21.175
2	9	38	27	6	14	93	350	254	47	20	254	3421	1452	125	18	242	1673	975	90	5	41	163	122	28	411	0	120	10000	9	9	20.725
3	14	29	26	5	11	102	361	277	55	22	260	3370	1451	88	17	242	1732	985	89	5	50	155	133	21	382	0	115	10000	9	9	20.275
4	12	35	26	3	9	95	340	278	42	29	295	3226	1494	116	19	251	1800	1005	89	4	42	155	126	23	368	0	114	10000	9	9	19.825
3	14	31	22	7	12	97	394	279	41	18	309	3332	1421	92	19	242	1756	965	99	4	60	134	121	14	399	0	115	10000	9	9	19.375
2	10	25	32	6	11	100	348	268	38	31	309	3301	1512	98	23	231	1728	950	95	5	38	144	127	18	422	0	128	10000	9	9	18.925
1	17	33	25	11	16	98	374	275	45	18	279	3213	1438	133	17	249	1757	1048	93	3	45	162	117	27	371	0	135	10000	9	9	18.475
1	14	33	30	9	8	89	375	278	46	28	281	3257	1544	122	22	253	1664	978	88	6	65	136	123	33	402	0	115	10000	9	9	18.025
2	16	25	30	6	17	99	352	299	38	18	274	3250	1439	113	13	272	1710	991	81	4	62	147	138	22	457	0	125	10000	9	9	17.575
1	8	36	29	7	17	98	354	287	33	28	303	3291	1477	111	20	246	1721	976	97	7	40	163	126	27	372	0	125	10000	9	9	17.125
1	14	35	25	9	10	110	370	281	46	15	309	3179	1534	90	11	246	1796	992	78	7	64	149	114	23	389	0	103	10000	9	9	16.675
2	12	24	28	5	12	117	386	269	32	21	295	3264	1528	102	26	215	1731	943	92	3	50	154	110	31	433	0	115	10000	9	9	16.225
3	13	34	30	7	7	104	366	288	45	24	271	3236	1480	106	36	278	1730	1006	73	5	48	159	116	31	362	0	142	10000	9	9	15.775
2	18	38	31	6	11	112	360	289	48	24	278	3211	1511	116	19	230	1767	977	102	8	42	148	123	20	399	0	110	10000	9	9	15.325
0	24	32	40	5	11	93	336	298	33	32	327	3260	1479	121	20	226	1647	1019	107	4	43	162	126	17	405	0	133	10000	9	9	14.875
1	13	36	30	8	8	95	378	285	39	16	307	3222	1456	117	22	236	1756	1021	95	5	49	156	127	24	381	0	117	10000	9	9	14.425
1	17	29	28	9	10	95	361	302	41	27	317	3184	1514	101	18	243	1785	952	100	5	44	154	125	23	398	0	117	10000	9	9	13.975
2	14	29	39	10	15	96	378	295	45	23	294	3196	1514	122	21	260	1687	988	99	4	38	133	120	16	419	0	143	10000	9	9	13.525
1	16	31	22	11	9	116	350	312	48	22	298	3145	1430	121	18	267	1810	998	85	4	48	154	135	25	429	0	95	10000	9	9	13.075
5	20	22	35	4	16	97	364	262	51	19	289	3175	1445	100	28	271	1840	982	97	3	35	143	122	30	388	0	157	10000	9	9	12.625
0	15	36	28	5	14	122	366	293	35	27	310	3166	1536	105	19	259	1741	976	107	4	45	148	112	27	378	0	126	10000	9	9	12.175
0	19	35	40	9	13	114	351	279	39	31	297	3152	1490	120	17	250	1784	992	98	1	40	160	123	15	408	0	123	10000	9	9	11.725
3	18	34	25	8	5	104	369	294	46	28	296	3203	1505	111	22	268	1701	995	80	3	53	140	111	25	425	0	128	10000	9	9	11.275
2	13	33	23	4	10	117	329	270	50	17	332	3108	1546	124	29	241	1804	991	89	3	43	165	126	19	400	0	112	10000	9	9	10.825
2	12	45	23	11	13	97	384	279	45	28	297	3032	1538	121	16	243	1771	1031	97	1	52	143	144	15	424	0	136	10000	9	9	10.375
0	15	33	35	8	8	92	368	278	42	21	311	3063	1559	114	19	240	1787	1060	103	4	48	169	130	16	375	0	102	10000	9	9	9.925
2	10	35	25	5	17	95	374	300	47	24	304	3157	1488	124	21	231	1702	1024	99	7	52	181	124	29	407	0	116	10000	9	9	9.475
0	15	35	29	7	14	103	394	296	38	29	332	3133	1426	119	24	261	1801	969	69	3	47	164	148	29	412	0	103	10000	9	9	9.025
2	15	34	25	2	14	96	375	303	40	26	300	3087	1519	105	24	266	1781	973	109	7	55	159	126	20	406	0	131	10000	9	9	8.575
4	14	36	33	6	15	97	373	290	41	32	321	3082	1514	121	27	284	1671	1062	88	6	53	145	131	23	392	0	139	10000	9	9	8.125
4	18	33	29	11	13	104	356	303	46	13	312	3067	1528	124	21	268	1801	981	99	3	53	151	118	13	419	0	112	10000	9	9	7.675
1	19	27	29	9	8	91	363	298	52	23	345	3001	1554	125	23	240	1766	1029	98	7	47	152	140	22	422	0	109	10000	9	9	7.225
2	16	38	21	5	14	101	306	312	52	21	290	3109	1476	97	20	272	1792	1061	96	4	49	170	126	27	396	0	127	10000	9	9	6.775
1	16	34	28	8	7	87	339	297	46	25	303	3070	1565	135	23	224	1724	999	111	7	41	178	133	21	439	0	139	10000	9	9	6.325
1	11	33	28	3	10	89	353	305	47	22	291	3022	1502	126	27	274	1790	1045	95	7	45	166	152	17	419	0	120	10000	9	9	5.875
2	16	31	36	9	10	103	381	284	42	34	333	2994	1481	104	21	256	1878	1021	91	6	47	178	124	26	379	0	113	10000	9	9	5.425
1	20	39	19	4	6	74	363	317	33	22	311	3061	1510	112	20	250	1780	1023	77	11	56	155	147	31	425	0	133	10000	9	9	4.975
0	18	41	22	4	17	84	371	311	38	26	295	3086	1514	106	21	271	1786	1003	93	4	56	150	125	26	412	0	120	10000	9	9	4.525
0	14	32	25	10	13	95	397	297	45	29	293	3084	1524	104	16	240	1774	1034	99	4	54	166	123	24	357	11	136	10000	9	9	4.075
3	20	32	28	5	20	116	361	290	49	25	303	3047	1479	125	29	251	1739	1011	98	5	44	157	119	33	421	58	132	10000	9	9	3.625
2	21	32	31	7	15	92	371	297	32	18	299	3027	1517	122	22	241	1719	966	92	5	48	155	125	15	433	175	121	10000	9	9	3.175
0	19	29	29	4	11	97	360	290	48	17	285	2985	1389	116	13	254	1696	995	101	2	49	149	126	27	422	371	116	10000	9	9	2.725
2	16	35	49	5	11	90	362	255	38	18	249	2770	1425	108	23	238	1653	914	96	8	46	160	120	19	449	718	123	10000	9	9	2.275
2	13	30	21	4	7	92	318	259	48	18	281	2589	1334	109	18	196	1649	878	90	6	53	146	122	20	346	1238	113	10000	9	9	1.825
5	16	26	26	1	9	57	342	244	32	18	244	2432	1239	89	22	217	1400	847	82	5	49	122	109	10	348	1883	126	10000	9	9	1.375
3	7	35	24	6	6	67	248	208	33	18	232	2241	1173	86	15	205	1339	792	74	5	31	128	100	14	342	2492	76	10000	9	9	0.925
0	11	18	23	10	13	61	291	190	20	14	223	1968	1004	76	13	173	1139	640	59	5	31	86	98	15	296	3443	80	10000	9	9	0.475
3	6	15	14	3	6	47	241	172	27	11	177	1707	899	59	8	143	1022	539	63	7	27	77	72	13	246	4327	69	10000	9	9	0.025
0	3	23	10	4	4	44	199	136	25	10	152	1463	711	68	7	120	827	477	56	3	19	65	60	13	213	5223	65	10000	9	9	-0.425
1	4	16	19	4	2	39	179	117	26	17	126	1205	656	54	3	107	728	413	44	2	24	61	54	6	205	5830	58	10000	9	9	-0.875
0	7	17	12	5	3	51	120	117	13	5	138	1067	510	43	6	108	672	358	45	2	22	67	43	5	180	6353	31	10000	9	9	-1.325
1	2	16	8	1	2	38	94	93	12	7	93	980	488	29	4	77	540	303	25	1	18	70	52	10	167	6819	50	10000	9	9	-1.775
0	2	9	9	3	2	20	97	72	14	11	85	795	450	28	1	66	472	287	23	1	18	42	37	3	144	7274	35	10000	9	9	-2.225
0	4	7	6	1	4	27	84	56	7	9	79	690	369	30	9	71	423	241	26	2	19	45	21	9	125	7610	26	10000	9	9	-2.675
0	1	11	6	4	3	19	91	59	11	4	64	558	303	23	6	48	370	194	11	3	9	40	27	5	125	7971	34	10000	9	9	-3.125
1	1	3	6	2	3	16	61	66	7	6	54	462	302	13	8	39	334	164	24	1	5	37	28	2	126	8205	24	10000	9	9	-3.575
1	3	5	7	1	2	13	70	40	7	2	46	463	234	15	3	38	288	158	16	0	8	22	15	2	122	8411	8	10000	9	9	-4.025
0	1	6	4	3	3	9	40	51	5	3	41	372	199	14	1	23	229	145	17	1	9	19	19	6	117	8643	20	10000	9	9	-4.475
1	2	3	3	1	1	16	54	48	5	3	32	328	188	15	4	30	214	120	16	0	7	17	15	0	106	8757	14	10000	9	9	-4.925
0	5	5	2	1	1	11	40	35	5	1	37	267	156	9	4	28	172	119	10	0	4	25	13	2	122	8913	13	10000	9	9	-5.375
1	5	2	2	0	1	6	39	23	3	3	27	246	135	11	2	25	165	95	11	0	1	15	9	2	128	9037	6	10000	9	9	-5.825
1	1	5	1	2	1	6	27	19	3	0	25	214	131	6	0	28	132	80	20	0	3	8	12	2	148	9117	8	10000	9	9	-6.275
0	0	4	1	0	1	8	32	19	3	0	20	193	106	13	0	17	116	83	10	0	1	9	11	1	166	9182	4	10000	9	9	-6.725
0	2	3	0	0	0	8	16	14	4	2	16	163	95	7	0	21	93	70	4	0	0	9	6	1	178	9284	4	10000	9	9	-7.175
0	1	3	1	0	0	8	25	21	2	4	19	143	84	3	0	15	93	50	7	0	5	10	8	1	217	9274	6	10000	9	9	-7.625
0	0	2	1	0	0	8	11	18	4	1	14	133	73	2	1	19	68	54	5	0	3	3	9	0	219	9347	5	10000	9	9	-8.075
0	0	2	0	0	1	2	10	8	1	0	10	104	62	5	0	9	58	34	2	0	3	5	8	1	265	9401	9	10000	9	9	-8.525
0	0	2	0	1	0	2	11	11	0	0	8	95	50	2	1	10	48	43	4	0	1	6	2	2	292	9406	3	10000	9	9	-8.975
0	1	1	1	0	0	6	13	9	1	0	5	68	49	5	0	7	50	31	0	0	1	2	2	1	334	9413	0	10000	9	9	-9.425
1	0	0	2	0	1	3	9	9	0	1	6	63	42	3	0	3	36	25	3	0	3	5	3	0	365	9413	4	10000	9	9	-9.875
0	0	0	0	0	0	0	4	6	1	0	7	41	34	3	1	4	43	17	1	0	1	2	1	0	426	9405	3	10000	9	9	-10.325
0	0	0	0	0	0	2	8	4	0	0	6	43	36	3	0	5	29	25	3	0	1	2	2	0	488	9340	3	10000	9	9	-10.775
0	1	0	0	0	0	1	6	3	1	2	5	50	22	2	0	3	17	18	3	1	1	1	0	0	571	9291	1	10000	9	9	-11.225
0	0	2	1	0	1	1	8	5	0	2	3	31	21	1	1	3	22	11	1	1	1	4	4	0	614	9261	1	10000	9	9	-11.675
0	0	1	0	0	0	1	3	5	2	0	5	32	16	2	0	2	19	14	1	0	2	3	2	0	688	9200	2	10000	9	9	-12.125
0	0	2	0	0	0	1	5	7	0	1	3	39	18	0	0	3	15	19	1	0	0	1	0	1	830	9054	0	10000	9	9	-12.575
0	0	0	0	0	1	0	0	3	1	0	3	22	13	2	0	2	16	9	1	0	0	0	0	0	963	8964	0	10000	9	9	-13.025
0	0	0	0	0	0	3	1	3	0	0	1	15	14	2	0	1	22	12	1	0	1	0	1	0	1113	8808	2	10000	9	9	-13.475
0	0	0	0	0	1	1	3	5	0	0	3	14	7	2	0	1	8	6	0	0	0	0	4	2	1279	8664	0	10000	9	9	-13.925
0	0	0	0	0	0	2	2	3	0	0	2	21	15	1	0	2	15	6	0	0	0	0	1	0	1529	8397	4	10000	9	9	-14.375
0	1	1	0	0	0	1	1	1	0	0	0	18	12	2	0	1	5	6	0	1	0	0	0	0	1714	8234	2	10000	9	9	-14.825
0	1	0	0	0	0	0	1	1	0	0	0	9	2	1	0	1	4	6	0	0	0	0	0	0	1922	8052	0	10000	9	9	-15.275
0	0	0	0	1	0	0	2	1	2	0	0	5	5	0	0	1	5	3	0	0	0	2	0	0	2187	7786	0	10000	9	9	-15.725
0	0	0	0	0	1	0	1	0	0	0	1	10	7	0	0	1	4	4	0	0	1	1	2	1	2634	7332	0	10000	9	9	-16.175
0	0	0	0	0	0	0	1	0	0	0	0	7	3	0	0	2	2	4	1	0	0	0	1	0	3028	6951	0	10000	9	9	-16.625
0	0	0	1	0	0	0	2	0	0	0	0	10	7	0	0	1	2	1	1	0	0	0	0	0	3485	6488	2	10000	9	9	-17.075
0	0	0	0	0	0	0	1	1	0	0	0	5	4	1	0	1	5	1	0	0	0	0	0	0	4032	5949	0	10000	9	9	-17.525
0	0	0	0	0	0	0	2	0	0	0	1	4	3	0	0	1	3	3	0	0	1	0	0	0	4532	5450	0	10000	9	9	-17.975
0	0	0	0	0	0	0	0	1	0	0	0	3	3	0	0	0	3	1	0	0	0	0	0	0	5401	4588	0	10000	9	9	-18.425
0	0	0	0	0	0	0	0	0	0	0	0	3	2	0	0	0	1	3	0	0	0	0	0	0	6215	3776	0	10000	9	9	-18.875
0	0	0	0	0	0	0	0	0	0	0	0	1	0	0	0	0	0	0	1	0	0	0	0	0	6987	3011	0	10000	9	9	-19.325
0	0	0	0	0	0	0	1	0	0	0	0	1	0	0	0	0	0	1	0	0	1	0	0	0	7638	2358	0	10000	9	9	-19.775
