100	
4	14	23	16	5	18	143	246	130	17	45	568	3635	580	47	38	538	2607	476	40	8	79	178	92	9	332	0	112	10000	0	12	24.775
2	8	23	13	4	18	118	230	142	16	40	560	3581	569	47	48	518	2662	501	39	18	77	211	93	8	328	0	126	10000	0	12	24.325
3	22	26	18	4	12	113	240	122	16	47	563	3621	573	55	38	531	2580	523	46	13	89	177	88	12	357	0	111	10000	0	12	23.875
1	22	30	15	0	24	145	259	112	24	47	539	3505	553	37	39	564	2654	533	54	9	89	173	82	15	368	0	107	10000	0	12	23.425
0	13	21	17	3	21	122	259	130	17	52	575	3536	540	48	43	525	2671	527	52	8	91	192	101	7	340	0	89	10000	0	12	22.975
2	12	32	20	0	10	126	248	119	12	51	567	3590	551	40	37	561	2619	507	49	16	83	185	82	13	369	0	99	10000	0	12	22.525
3	13	22	19	4	16	118	285	134	21	52	544	3544	602	33	47	508	2579	560	43	12	79	177	83	18	371	0	113	10000	0	12	22.075
4	3	21	21	4	15	109	242	122	19	47	577	3633	586	46	51	531	2586	503	48	8	91	177	88	13	350	0	105	10000	0	12	21.625
0	12	22	17	5	13	116	263	110	13	33	558	3546	601	52	32	567	2570	519	40	13	82	184	90	11	422	0	109	10000	0	12	21.175
3	18	26	20	2	15	111	275	126	21	49	569	3483	625	56	45	546	2565	540	46	12	114	173	87	8	370	0	95	10000	0	12	20.725
7	12	22	9	2	12	124	271	117	25	36	536	3551	596	67	39	543	2583	527	44	13	90	196	95	16	368	0	99	10000	0	12	20.275
1	11	20	14	4	28	127	289	105	15	49	530	3480	606	48	52	562	2626	523	47	5	83	183	112	15	356	0	109	10000	0	12	19.825
2	12	22	15	3	17	119	218	124	17	43	564	3513	615	46	55	540	2639	553	44	11	94	181	101	10	331	0	111	10000	0	12	19.375
2	15	22	18	3	28	128	257	116	16	49	547	3471	594	44	40	528	2699	534	49	9	102	168	102	18	327	0	114	10000	0	12	18.925
0	9	35	8	2	21	134	255	164	11	40	575	3485	593	50	44	517	2631	531	44	8	94	175	91	10	362	0	111	10000	0	12	18.475
3	15	21	19	1	20	110	252	129	21	41	609	3402	631	42	35	549	2631	558	43	18	99	174	89	14	351	0	123	10000	0	12	18.025
0	17	22	13	2	17	154	280	138	19	41	631	3388	581	51	48	526	2638	514	33	9	95	206	81	18	377	0	101	10000	0	12	17.575
6	8	33	18	1	20	127	264	153	20	43	588	3468	559	57	51	543	2590	522	45	8	99	188	96	14	371	0	108	10000	0	12	17.125
2	14	24	15	2	18	124	283	127	17	43	582	3408	586	45	49	580	2620	538	45	11	102	191	76	16	385	0	97	10000	0	12	16.675
4	22	23	14	3	18	114	262	140	16	45	566	3398	603	55	42	568	2655	540	48	10	88	196	101	11	339	0	119	10000	0	12	16.225
6	25	21	16	1	27	132	267	142	18	45	605	3364	607	47	54	565	2559	601	38	9	101	188	84	12	361	0	105	10000	0	12	15.775
3	21	28	13	0	17	150	267	118	14	49	643	3340	627	61	48	561	2599	515	41	9	86	196	96	11	383	0	104	10000	0	12	15.325
1	13	24	22	2	25	156	285	125	19	59	634	3286	595	54	42	589	2592	563	36	9	107	177	80	14	376	0	115	10000	0	12	14.875
5	18	22	12	3	20	128	264	139	19	38	572	3359	611	47	39	580	2647	543	45	11	104	212	97	10	357	0	98	10000	0	12	14.425
0	17	30	16	4	26	133	273	142	15	53	609	3407	593	46	36	635	2525	506	39	12	86	205	83	13	380	0	116	10000	0	12	13.975
7	17	21	24	3	19	126	293	142	23	59	581	3317	621	48	51	592	2579	542	51	10	93	181	83	10	392	0	115	10000	0	12	13.525
4	23	28	15	5	18	137	315	148	22	47	558	3238	572	50	53	526	2686	585	45	12	96	195	85	12	396	0	129	10000	0	12	13.075
4	15	24	20	0	20	119	281	117	26	38	611	3323	615	53	45	597	2485	607	48	14	116	195	99	17	400	0	111	10000	0	12	12.625
2	14	26	17	6	18	123	302	125	17	43	579	3279	651	45	60	595	2598	586	40	7	103	196	89	10	344	0	125	10000	0	12	12.175
1	11	25	8	2	18	152	287	121	15	49	636	3315	586	47	50	573	2625	497	48	6	111	190	107	13	393	0	114	10000	0	12	11.725
4	15	23	21	2	17	111	288	165	27	38	596	3318	610	45	55	532	2616	565	51	11	83	208	100	14	371	0	114	10000	0	12	11.275
6	18	29	12	2	14	142	287	139	19	50	568	3283	670	48	48	532	2568	554	37	13	116	210	113	19	392	0	111	10000	0	12	10.825
2	19	34	16	3	18	140	312	165	23	49	606	3181	615	56	50	555	2645	551	39	11	79	204	96	13	403	0	115	10000	0	12	10.375
3	16	22	15	6	17	121	273	134	13	49	663	3274	643	58	46	533	2558	591	38	13	94	190	101	9	400	0	120	10000	0	12	9.925
1	8	25	20	2	19	145	302	134	15	40	593	3232	637	55	48	544	2611	614	49	12	94	179	104	13	384	0	120	10000	0	12	9.475
2	20	32	24	7	17	134	272	146	15	46	668	3269	590	50	41	599	2519	556	43	9	96	220	99	15	389	0	122	10000	0	12	9.025
4	14	28	18	1	20	131	258	140	22	44	635	3225	611	46	48	583	2550	588	43	17	93	209	118	13	430	0	111	10000	0	12	8.575
3	13	32	14	0	22	118	263	141	15	48	649	3203	660	42	59	571	2581	569	54	16	115	200	94	18	385	0	115	10000	0	12	8.125
2	11	27	12	7	24	156	305	157	15	51	583	3233	624	44	39	589	2605	568	59	8	103	206	78	12	371	0	111	10000	0	12	7.675
2	20	28	13	3	19	162	303	128	17	56	594	3176	644	48	46	581	2587	573	47	12	112	212	97	11	392	0	117	10000	0	12	7.225
3	13	27	16	1	20	127	313	123	20	54	575	3219	648	35	53	577	2557	599	54	13	110	198	95	6	414	0	130	10000	0	12	6.775
5	13	16	9	2	22	153	315	146	13	54	581	3250	626	59	41	565	2531	564	47	11	103	207	95	11	427	0	134	10000	0	12	6.325
2	13	25	12	8	13	124	266	148	22	54	595	3277	666	46	46	565	2587	549	46	12	110	185	92	11	420	0	106	10000	0	12	5.875
1	20	22	22	1	18	156	283	150	24	60	582	3186	653	45	50	568	2563	597	52	12	98	196	88	17	420	0	116	10000	0	12	5.425
4	15	27	21	4	20	131	312	143	25	42	625	3197	615	60	39	611	2541	568	49	19	110	212	78	14	398	0	120	10000	0	12	4.975
5	20	35	12	3	22	121	318	112	18	43	599	3266	655	50	54	626	2521	564	45	8	88	185	91	10	429	1	99	10000	0	12	4.525
1	13	30	11	1	14	144	286	127	16	42	641	3308	629	47	52	562	2568	560	48	10	83	186	88	9	390	8	126	10000	0	12	4.075
2	14	23	16	4	19	137	271	159	17	56	577	3182	670	57	56	567	2514	586	51	15	105	205	93	12	412	48	132	10000	0	12	3.625
5	9	24	18	0	20	127	312	158	18	48	642	3087	632	61	38	559	2493	570	40	14	86	223	107	10	415	159	125	10000	0	12	3.175
7	12	27	14	1	13	124	291	138	19	52	605	3038	606	46	53	557	2571	524	43	7	99	189	98	14	381	370	101	10000	0	12	2.725
5	13	27	19	3	18	133	262	121	17	38	620	2971	600	48	35	565	2370	528	36	6	82	171	87	15	374	717	119	10000	0	12	2.275
3	15	22	18	5	17	111	243	114	16	46	578	2722	584	47	46	524	2291	504	45	5	83	184	83	10	342	1234	108	10000	0	12	1.825
3	10	26	7	4	23	128	238	120	13	46	497	2500	542	46	35	452	2071	450	43	11	102	166	68	7	307	1973	112	10000	0	12	1.375
0	15	18	19	3	14	102	187	96	11	36	462	2338	487	37	28	398	1939	456	34	10	74	147	72	11	305	2613	88	10000	0	12	0.925
2	15	17	6	2	8	94	226	105	16	38	418	2043	402	40	36	401	1642	386	35	7	70	145	62	5	271	3421	87	10000	0	12	0.475
3	9	12	16	1	19	92	172	74	11	28	340	1782	329	35	34	367	1447	326	26	11	58	132	55	7	248	4305	61	10000	0	12	0.025
1	4	18	6	1	6	79	141	63	8	23	306	1481	280	29	28	280	1176	269	27	2	49	100	36	8	203	5312	64	10000	0	12	-0.425
3	5	14	7	1	5	62	112	68	4	27	269	1302	274	23	19	242	1070	272	15	5	36	77	39	4	185	5807	53	10000	0	12	-0.875
0	6	7	6	2	7	61	95	52	10	20	201	1113	244	10	13	217	912	210	20	6	36	71	44	3	167	6423	44	10000	0	12	-1.325
1	4	9	5	0	4	44	87	40	10	23	209	986	197	20	14	188	814	191	9	2	29	70	37	3	160	6812	32	10000	0	12	-1.775
1	3	9	9	3	2	41	89	38	9	19	170	815	184	18	14	160	728	164	20	6	17	61	26	3	122	7234	35	10000	0	12	-2.225
0	5	6	4	1	0	31	72	48	5	15	167	704	164	11	5	150	576	156	11	4	23	50	24	4	133	7593	38	10000	0	12	-2.675
0	1	8	3	0	9	23	70	35	1	6	124	593	130	13	12	105	482	108	14	0	17	35	19	4	126	8030	32	10000	0	12	-3.125
1	3	1	6	1	4	29	52	26	0	10	102	567	120	12	5	103	474	103	9	4	11	40	17	6	131	8137	26	10000	0	12	-3.575
2	4	4	2	0	3	29	51	23	3	14	113	460	104	11	5	92	385	94	6	2	15	40	30	4	124	8363	17	10000	0	12	-4.025
1	2	2	4	0	4	27	43	19	2	2	78	419	96	4	8	91	347	85	8	1	17	22	16	1	129	8553	19	10000	0	12	-4.475
2	2	4	2	1	2	21	37	14	0	3	58	364	83	4	3	69	305	76	9	0	13	24	10	3	134	8744	13	10000	0	12	-4.925
0	2	3	2	0	2	12	27	22	5	3	46	316	85	6	4	46	230	53	5	2	9	22	10	2	115	8956	15	10000	0	12	-5.375
0	4	1	0	0	4	8	34	16	3	5	52	239	80	0	3	64	205	39	7	0	11	14	5	0	125	9074	7	10000	0	12	-5.825
0	2	2	1	0	0	19	25	11	2	5	54	208	42	3	6	47	196	40	2	0	9	25	8	1	124	9162	6	10000	0	12	-6.275
0	0	1	0	1	2	8	17	13	1	7	36	210	42	3	3	43	169	43	8	0	8	21	5	2	155	9197	5	10000	0	12	-6.725
0	0	2	0	0	0	4	13	9	0	1	31	174	43	5	6	39	132	46	3	1	8	18	4	1	173	9286	1	10000	0	12	-7.175
0	0	2	0	1	1	11	20	12	2	1	27	146	28	4	2	27	140	33	2	0	5	14	2	1	184	9330	5	10000	0	12	-7.625
0	1	1	1	0	1	5	17	10	2	3	27	139	39	3	2	17	100	33	4	1	5	9	5	1	208	9359	7	10000	0	12	-8.075
0	0	0	0	0	2	8	9	4	0	0	19	95	36	2	1	22	83	22	3	0	1	9	7	0	259	9416	2	10000	0	12	-8.525
1	0	0	0	0	1	7	9	2	1	0	16	87	28	2	1	21	72	27	2	0	1	3	8	0	279	9426	6	10000	0	12	-8.975
0	0	1	0	0	0	5	7	3	0	2	20	96	18	1	1	15	70	24	1	0	2	12	3	1	317	9397	4	10000	0	12	-9.425
0	0	2	1	0	0	1	6	2	1	2	16	66	23	0	2	17	67	26	1	0	1	4	3	0	365	9392	2	10000	0	12	-9.875
0	1	0	0	0	0	2	2	2	0	2	11	60	20	3	1	15	66	11	1	1	3	5	2	0	383	9407	2	10000	0	12	-10.325
0	0	1	0	0	0	2	7	3	2	1	11	50	20	2	0	7	35	10	1	1	2	5	2	0	451	9387	0	10000	0	12	-10.775
0	0	1	0	0	0	2	3	1	0	0	10	38	13	0	0	8	27	10	1	0	1	4	3	0	514	9363	1	10000	0	12	-11.225
0	0	0	0	0	1	5	3	2	0	0	8	21	9	2	1	8	31	7	1	1	1	3	1	0	627	9267	1	10000	0	12	-11.675
0	1	0	0	0	0	2	4	1	0	1	4	36	8	1	2	11	22	10	1	0	1	1	0	0	787	9107	0	10000	0	12	-12.125
0	0	0	0	0	0	0	4	3	0	0	5	32	9	1	1	11	21	10	0	0	1	2	0	0	877	9023	0	10000	0	12	-12.575
0	0	1	0	0	0	0	2	1	0	0	4	21	5	0	0	7	18	4	1	0	0	0	0	0	1005	8931	0	10000	0	12	-13.025
0	0	0	0	0	0	0	3	1	0	0	6	27	6	0	2	3	13	6	0	0	2	1	0	0	1117	8813	0	10000	0	12	-13.475
0	0	0	0	0	0	0	1	2	0	0	6	19	4	1	0	4	11	5	0	0	1	3	2	0	1326	8614	1	10000	0	12	-13.925
0	0	0	0	0	0	0	2	1	0	1	3	20	4	0	1	5	6	5	0	0	0	1	2	0	1481	8468	0	10000	0	12	-14.375
0	0	1	0	0	0	0	1	1	0	0	4	12	4	0	1	4	15	7	0	0	0	1	3	0	1730	8216	0	10000	0	12	-14.825
0	1	0	0	0	0	2	1	2	1	0	3	12	3	0	0	1	10	1	0	0	0	1	0	0	1969	7993	0	10000	0	12	-15.275
0	0	0	0	0	0	1	1	0	0	0	2	10	1	0	1	3	5	5	2	0	0	1	1	1	2287	7679	0	10000	0	12	-15.725
0	0	1	0	0	0	1	2	0	0	1	2	10	3	0	1	0	8	3	0	0	0	0	1	0	2673	7294	0	10000	0	12	-16.175
0	0	0	0	0	0	0	0	2	0	1	1	7	0	0	0	0	4	2	0	0	0	0	0	0	3036	6946	1	10000	0	12	-16.625
0	0	0	0	0	0	0	0	0	0	0	0	8	3	1	0	2	4	3	0	0	0	0	0	0	3473	6506	0	10000	0	12	-17.075
0	0	0	0	0	0	0	0	0	0	0	1	6	1	0	0	1	4	2	0	0	0	0	0	0	4025	5960	0	10000	0	12	-17.525
0	0	0	0	0	0	0	1	0	0	0	1	1	5	0	0	2	5	0	0	0	0	1	1	0	4606	5377	0	10000	0	12	-17.975
0	0	0	0	0	0	0	0	0	0	0	0	3	0	0	0	0	4	0	0	0	0	0	0	0	5375	4618	0	10000	0	12	-18.425
0	0	0	0	0	0	0	2	1	0	0	2	0	0	1	0	0	0	1	0	0	0	0	0	0	6188	3805	0	10000	0	12	-18.875
0	1	0	0	0	0	0	0	0	0	0	1	3	1	0	0	0	0	0	0	0	0	0	1	0	6951	3042	0	10000	0	12	-19.325
0	0	0	0	0	0	0	0	0	0	0	1	2	0	0	0	0	0	0	0	0	0	0	0	0	7604	2393	0	10000	0	12	-19.775
