100	
0	0	0	0	0	0	0	0	0	0	0	0	10000	0	0	0	0	0	0	0	0	0	0	0	0	0	0	0	10000	1	3	24.775
0	0	0	0	0	0	0	0	0	0	0	0	10000	0	0	0	0	0	0	0	0	0	0	0	0	0	0	0	10000	1	3	24.325
0	0	0	0	0	0	0	0	0	0	0	0	10000	0	0	0	0	0	0	0	0	0	0	0	0	0	0	0	10000	1	3	23.875
0	0	0	0	0	0	0	0	0	0	0	0	10000	0	0	0	0	0	0	0	0	0	0	0	0	0	0	0	10000	1	3	23.425
0	0	0	0	0	0	0	0	0	0	0	0	10000	0	0	0	0	0	0	0	0	0	0	0	0	0	0	0	10000	1	3	22.975
0	0	0	0	0	0	0	0	0	0	0	0	9999	0	0	0	0	0	1	0	0	0	0	0	0	0	0	0	10000	1	3	22.525
0	0	0	1	0	0	0	0	0	0	0	0	9997	0	0	0	0	0	0	1	0	1	0	0	0	0	0	0	10000	1	3	22.075
0	0	1	0	0	0	0	8	1	0	1	6	9956	6	1	1	2	7	4	1	0	1	0	1	0	3	0	0	10000	1	3	21.625
0	0	1	0	1	0	2	10	5	1	0	9	9891	19	2	0	8	32	2	1	0	1	2	1	0	10	0	2	10000	1	3	21.175
0	0	4	1	1	0	12	15	19	0	4	25	9790	21	0	1	11	49	21	3	0	0	1	1	1	16	0	4	10000	1	3	20.725
0	1	1	2	0	2	12	37	15	4	2	33	9660	48	3	1	14	94	23	2	0	4	5	4	1	24	0	8	10000	1	3	20.275
1	5	8	2	3	1	20	55	17	2	5	53	9428	97	7	4	37	119	56	9	1	3	13	4	2	38	0	10	10000	1	3	19.825
1	5	9	2	1	5	25	83	30	5	7	87	9207	122	12	8	55	171	77	4	0	10	18	7	2	33	0	14	10000	1	3	19.375
1	7	9	9	0	5	46	109	33	2	10	135	8947	164	9	12	71	219	79	10	0	12	22	16	1	51	0	21	10000	1	3	18.925
0	16	13	4	3	6	49	162	62	10	10	155	8631	207	17	7	85	293	108	13	1	8	24	15	3	76	0	22	10000	1	3	18.475
0	7	11	10	1	9	79	160	70	9	16	181	8401	250	13	10	110	352	120	13	1	11	27	14	2	94	0	29	10000	1	3	18.025
4	13	13	14	5	15	65	180	83	10	12	223	8081	299	28	11	115	422	160	11	6	24	32	19	3	116	0	36	10000	1	3	17.575
2	8	30	17	4	8	75	242	108	15	18	217	7849	322	14	14	121	500	187	14	4	18	33	31	3	111	0	35	10000	1	3	17.125
4	7	32	19	2	14	85	270	105	15	13	263	7600	368	32	12	153	529	171	26	1	16	39	21	3	154	0	46	10000	1	3	16.675
2	12	31	14	4	14	109	301	127	14	19	288	7244	424	21	14	182	562	224	32	8	28	52	38	3	182	0	51	10000	1	3	16.225
1	19	24	22	2	9	124	298	149	20	25	350	7035	407	35	18	206	657	216	17	2	27	59	30	3	185	0	60	10000	1	3	15.775
2	21	29	25	4	15	142	307	166	13	25	335	6799	491	27	21	222	744	230	18	8	36	53	26	5	175	0	61	10000	1	3	15.325
3	16	52	16	7	16	133	388	155	21	25	392	6559	525	31	20	225	733	230	26	3	25	62	40	5	205	0	87	10000	1	3	14.875
3	18	33	15	6	11	123	391	190	20	37	417	6466	507	39	25	218	774	270	27	4	31	68	38	6	199	0	64	10000	1	3	14.425
5	19	23	15	2	13	148	430	173	20	39	409	6300	557	35	20	247	805	284	32	3	27	70	31	7	206	0	80	10000	1	3	13.975
3	23	40	29	14	19	148	443	188	18	26	481	6155	557	38	19	262	805	266	21	3	33	56	37	8	220	0	88	10000	1	3	13.525
5	22	46	27	4	14	183	421	185	28	29	472	6016	574	58	31	253	854	267	36	2	37	74	51	5	224	0	82	10000	1	3	13.075
6	16	43	21	6	13	183	462	191	25	36	523	5777	587	36	20	296	888	313	30	8	41	97	43	5	245	0	89	10000	1	3	12.625
5	21	32	20	3	19	145	476	206	19	32	489	5826	634	44	27	275	920	281	43	4	42	78	44	4	227	0	84	10000	1	3	12.175
4	24	48	21	7	24	177	519	187	19	37	522	5608	699	38	32	280	882	322	35	7	40	85	52	5	241	0	85	10000	1	3	11.725
2	21	41	18	3	19	178	535	212	18	42	484	5507	651	49	28	264	986	341	39	6	40	80	50	6	283	0	97	10000	1	3	11.275
5	30	43	18	3	23	180	513	250	32	48	537	5424	660	61	29	297	952	332	33	4	41	62	49	10	270	0	94	10000	1	3	10.825
4	32	41	36	5	23	185	525	215	26	47	514	5484	688	48	26	299	921	333	25	10	35	83	46	4	259	0	86	10000	1	3	10.375
0	24	43	34	1	24	192	543	243	31	43	554	5303	662	56	27	296	1021	344	29	7	35	85	56	7	248	0	92	10000	1	3	9.925
5	26	35	29	2	21	184	531	233	35	39	559	5270	743	51	24	276	1014	346	25	4	36	89	47	9	284	0	83	10000	1	3	9.475
2	34	43	30	6	24	212	540	225	21	37	522	5294	672	50	27	301	1037	347	37	3	42	76	42	12	259	0	105	10000	1	3	9.025
6	30	62	31	4	17	193	520	230	27	48	572	5258	702	64	26	297	986	351	33	6	46	73	54	5	264	0	95	10000	1	3	8.575
3	18	40	28	5	19	211	547	242	26	49	535	5192	715	60	29	300	1020	352	36	3	49	77	46	10	292	0	96	10000	1	3	8.125
4	28	58	34	8	24	224	515	243	35	35	545	5101	736	57	26	302	1051	363	38	10	53	82	43	11	265	0	109	10000	1	3	7.675
7	26	64	31	6	14	216	607	221	30	42	596	5087	701	49	20	295	1044	375	33	4	42	85	44	7	257	0	97	10000	1	3	7.225
0	21	55	37	11	17	211	562	249	24	51	571	5075	745	51	28	313	1021	353	30	5	39	96	54	6	279	0	96	10000	1	3	6.775
5	24	54	28	5	22	233	571	233	34	43	577	5084	685	48	30	318	1049	354	27	6	43	90	45	6	289	0	97	10000	1	3	6.325
2	26	51	28	1	18	232	534	242	29	37	580	5024	687	66	27	332	1079	378	31	10	42	86	60	13	297	0	88	10000	1	3	5.875
4	26	46	41	5	21	224	509	238	26	40	618	5052	701	55	23	319	1069	374	41	3	51	87	40	3	279	0	105	10000	1	3	5.425
4	30	48	23	4	16	183	566	242	31	33	578	5089	704	51	28	315	1065	383	32	5	40	81	57	8	275	0	109	10000	1	3	4.975
6	17	37	21	4	33	209	590	240	30	38	572	5084	684	37	37	299	1026	368	37	10	56	95	41	11	297	1	120	10000	1	3	4.525
4	31	47	29	4	21	219	614	242	29	39	592	5002	721	40	29	288	1070	396	31	8	45	85	52	10	261	6	85	10000	1	3	4.075
5	24	56	28	7	27	208	595	229	31	30	605	5055	699	52	37	322	985	331	29	5	55	76	62	3	302	48	94	10000	1	3	3.625
6	36	54	28	5	31	204	622	232	29	45	585	4846	683	47	27	323	1043	368	37	2	41	86	53	10	280	163	114	10000	1	3	3.175
3	23	42	26	8	24	213	562	244	41	44	601	4693	722	39	29	310	1034	365	29	12	51	93	40	8	281	372	91	10000	1	3	2.725
8	30	42	32	5	31	186	526	212	32	40	557	4530	682	46	34	306	990	329	37	7	38	89	47	10	317	749	88	10000	1	3	2.275
6	33	44	29	5	19	195	512	228	24	36	554	4234	643	48	30	286	910	339	23	9	39	64	46	6	275	1255	108	10000	1	3	1.825
4	17	42	30	2	16	171	511	211	25	45	471	3942	583	61	23	264	874	302	24	3	45	89	38	9	273	1837	88	10000	1	3	1.375
4	16	43	16	3	16	158	441	201	22	30	437	3596	566	50	23	237	847	290	34	3	31	58	38	7	213	2543	77	10000	1	3	0.925
3	10	41	21	2	18	156	388	175	23	27	424	3112	492	31	17	211	736	238	18	7	31	72	34	5	179	3451	78	10000	1	3	0.475
1	24	32	13	3	17	107	370	155	17	19	367	2625	423	36	19	181	647	215	15	5	32	56	35	4	186	4333	63	10000	1	3	0.025
2	15	20	18	2	11	109	308	100	11	23	305	2213	356	27	16	154	562	190	21	5	30	43	27	5	175	5193	59	10000	1	3	-0.425
4	11	22	16	2	8	100	254	136	17	20	268	1896	347	29	20	132	480	165	20	2	21	35	20	10	163	5775	27	10000	1	3	-0.875
1	11	20	11	3	11	101	213	97	13	10	242	1674	279	19	11	125	384	147	8	1	5	31	19	5	125	6392	42	10000	1	3	-1.325
2	11	24	12	1	6	75	179	87	4	12	206	1428	236	17	15	104	358	135	10	0	15	30	16	5	134	6836	42	10000	1	3	-1.775
1	6	11	7	2	3	74	178	75	3	18	164	1229	218	21	14	95	322	95	9	0	10	25	14	3	111	7266	26	10000	1	3	-2.225
2	9	9	8	3	5	42	144	70	9	18	157	1055	181	8	4	92	258	87	11	8	15	20	15	3	103	7632	32	10000	1	3	-2.675
2	8	6	9	1	9	42	120	66	10	17	122	923	191	16	2	68	250	81	6	1	10	17	10	2	97	7889	25	10000	1	3	-3.125
0	8	9	5	1	5	37	123	50	9	10	117	790	122	8	8	63	206	94	6	3	12	19	10	2	101	8161	21	10000	1	3	-3.575
0	6	5	3	1	4	22	106	35	7	3	103	652	115	6	5	57	167	56	10	1	12	19	17	2	102	8468	16	10000	1	3	-4.025
1	4	7	6	1	1	32	83	37	6	6	64	617	97	6	3	39	170	59	5	1	6	10	4	1	105	8613	16	10000	1	3	-4.475
2	3	8	5	1	1	26	82	33	1	7	78	483	97	5	3	30	138	58	6	0	11	7	7	1	97	8791	19	10000	1	3	-4.925
0	3	5	3	0	2	33	57	24	3	7	53	414	77	6	2	35	128	39	1	0	4	10	9	0	126	8942	17	10000	1	3	-5.375
1	3	6	3	1	5	21	47	17	1	3	54	353	63	5	0	26	98	37	1	0	2	8	7	0	155	9073	10	10000	1	3	-5.825
1	2	7	1	0	4	19	43	26	5	1	54	278	66	3	4	28	87	33	5	0	3	8	9	1	135	9165	12	10000	1	3	-6.275
0	3	3	1	1	1	24	52	20	2	5	39	244	62	5	2	28	75	28	3	0	5	4	2	0	152	9230	9	10000	1	3	-6.725
0	0	3	1	0	1	18	39	18	0	1	37	239	51	4	0	20	66	26	4	0	2	4	1	0	147	9310	8	10000	1	3	-7.175
0	2	3	0	0	1	14	39	8	0	0	23	213	58	0	1	22	63	39	1	1	1	5	4	0	161	9336	5	10000	1	3	-7.625
0	1	3	3	0	2	15	40	14	1	3	29	149	31	1	1	9	55	14	3	1	4	5	2	0	237	9374	3	10000	1	3	-8.075
1	2	5	4	0	0	6	27	7	2	1	21	145	27	2	1	9	41	13	0	0	3	3	3	0	259	9412	6	10000	1	3	-8.525
0	1	3	1	0	1	6	25	5	0	2	21	129	35	2	1	10	40	11	4	0	1	6	3	0	269	9423	1	10000	1	3	-8.975
0	0	3	0	0	0	7	24	13	1	0	24	102	23	1	0	8	40	12	0	0	0	4	0	0	319	9414	5	10000	1	3	-9.425
0	1	1	1	0	0	5	17	8	3	0	18	94	24	1	3	9	28	11	4	0	1	1	2	1	363	9400	4	10000	1	3	-9.875
0	0	1	1	2	0	4	18	4	0	0	12	77	18	1	1	10	26	11	3	0	2	2	1	0	410	9390	6	10000	1	3	-10.325
1	0	4	1	1	1	6	9	8	2	1	9	71	16	1	0	7	18	13	1	0	1	1	3	0	519	9301	5	10000	1	3	-10.775
0	0	0	3	0	2	4	10	1	0	0	6	67	9	4	1	7	30	9	0	0	0	2	0	0	536	9307	2	10000	1	3	-11.225
0	0	0	0	0	1	3	11	7	0	0	2	68	14	0	1	6	28	5	0	1	0	2	1	0	629	9218	3	10000	1	3	-11.675
0	1	0	0	0	1	3	8	6	0	0	6	50	18	1	1	1	16	8	2	1	0	2	1	0	693	9181	0	10000	1	3	-12.125
0	0	1	0	0	1	2	5	4	0	0	2	42	12	2	1	4	13	4	0	0	1	1	0	0	849	9055	1	10000	1	3	-12.575
1	1	1	0	0	0	3	3	4	0	1	10	37	11	1	0	4	8	5	1	0	0	0	0	0	980	8929	0	10000	1	3	-13.025
0	0	0	0	0	0	4	4	2	2	1	3	35	5	2	1	1	11	6	0	0	1	1	0	0	1130	8788	3	10000	1	3	-13.475
0	0	1	0	0	1	1	1	3	0	0	1	24	8	0	1	5	2	3	3	0	0	0	0	0	1254	8690	2	10000	1	3	-13.925
0	0	2	1	0	0	1	5	1	0	0	1	22	6	1	0	3	7	7	1	0	0	0	1	0	1499	8442	0	10000	1	3	-14.375
0	0	0	0	0	0	0	3	4	0	0	4	24	2	0	0	3	4	2	0	0	0	0	0	0	1745	8208	1	10000	1	3	-14.825
0	0	1	0	0	0	0	2	1	0	0	2	13	4	0	0	1	9	4	0	0	0	0	0	0	2000	7962	1	10000	1	3	-15.275
0	0	0	0	0	0	1	2	2	0	1	1	17	1	0	0	2	7	2	0	0	0	1	0	0	2194	7769	0	10000	1	3	-15.725
0	0	0	0	0	0	1	2	0	1	0	1	7	5	1	0	1	2	0	0	0	0	0	1	0	2667	7311	0	10000	1	3	-16.175
0	0	0	0	0	0	2	0	0	0	0	3	9	2	0	1	1	2	2	0	0	2	0	0	0	2988	6987	1	10000	1	3	-16.625
0	0	0	0	0	0	1	0	1	0	0	2	7	1	0	0	0	4	1	0	0	0	0	0	0	3482	6501	0	10000	1	3	-17.075
0	0	1	0	0	0	1	1	1	0	0	3	3	0	0	1	0	4	0	0	0	0	0	1	0	3983	6001	0	10000	1	3	-17.525
0	0	1	0	0	0	0	1	1	1	0	0	4	0	0	0	1	3	2	0	0	0	0	0	0	4582	5404	0	10000	1	3	-17.975
0	0	0	0	0	0	1	1	0	0	0	0	5	2	0	0	0	1	0	0	0	0	0	0	0	5366	4623	1	10000	1	3	-18.425
0	0	1	0	0	0	0	0	0	0	0	2	7	2	0	0	1	1	0	0	0	0	0	0	0	6216	3769	1	10000	1	3	-18.875
0	0	0	0	0	0	0	0	0	0	0	0	2	1	0	0	1	2	0	0	0	0	0	0	0	7005	2989	0	10000	1	3	-19.325
0	0	0	0	0	0	0	0	0	0	0	0	1	0	0	0	0	0	0	0	0	1	0	0	0	7668	2330	0	10000	1	3	-19.775
