100	
0	0	0	0	0	0	0	0	0	0	0	0	10000	0	0	0	0	0	0	0	0	0	0	0	0	0	0	0	10000	1	1	24.775
0	0	0	0	0	0	0	0	0	0	0	0	10000	0	0	0	0	0	0	0	0	0	0	0	0	0	0	0	10000	1	1	24.325
0	0	0	0	0	0	0	0	0	0	0	0	10000	0	0	0	0	0	0	0	0	0	0	0	0	0	0	0	10000	1	1	23.875
0	0	0	0	0	0	0	0	0	0	0	0	10000	0	0	0	0	0	0	0	0	0	0	0	0	0	0	0	10000	1	1	23.425
0	0	0	0	0	0	0	0	0	0	0	0	10000	0	0	0	0	0	0	0	0	0	0	0	0	0	0	0	10000	1	1	22.975
0	0	0	0	0	0	0	0	0	0	0	0	10000	0	0	0	0	0	0	0	0	0	0	0	0	0	0	0	10000	1	1	22.525
0	0	0	0	0	0	0	0	0	0	0	0	10000	0	0	0	0	0	0	0	0	0	0	0	0	0	0	0	10000	1	1	22.075
0	0	0	0	0	0	0	0	0	0	0	0	10000	0	0	0	0	0	0	0	0	0	0	0	0	0	0	0	10000	1	1	21.625
0	0	0	0	0	0	0	0	0	0	0	0	10000	0	0	0	0	0	0	0	0	0	0	0	0	0	0	0	10000	1	1	21.175
1	0	0	0	0	0	0	0	0	0	0	2	9989	2	0	0	0	3	2	0	0	0	0	0	0	1	0	0	10000	1	1	20.725
0	0	0	0	0	0	2	6	2	0	0	7	9961	8	0	0	1	7	4	0	0	0	0	1	0	1	0	0	10000	1	1	20.275
0	0	1	1	0	0	5	13	6	1	0	9	9896	19	1	0	7	19	7	1	0	1	1	0	1	7	0	4	10000	1	1	19.825
0	2	1	2	1	1	12	56	12	2	4	38	9734	40	4	1	13	43	7	1	0	2	5	1	0	12	0	6	10000	1	1	19.375
0	5	6	6	3	5	18	65	23	3	2	57	9567	61	2	1	22	61	29	7	2	7	4	1	1	29	0	13	10000	1	1	18.925
0	6	12	3	0	2	30	99	38	4	7	87	9296	108	5	3	47	124	47	6	0	5	11	7	2	38	0	13	10000	1	1	18.475
0	7	6	8	1	6	40	118	39	5	13	111	9110	150	8	7	45	138	67	8	0	8	16	12	2	59	0	16	10000	1	1	18.025
3	11	13	8	2	13	54	152	80	7	10	158	8789	184	9	8	64	209	87	8	1	6	19	13	2	57	0	33	10000	1	1	17.575
2	6	20	14	1	10	77	244	102	7	11	164	8384	246	11	6	91	303	99	9	1	18	30	11	2	100	0	31	10000	1	1	17.125
1	12	22	17	4	6	94	252	95	10	13	218	8099	301	35	6	124	334	130	11	2	11	32	24	1	116	0	30	10000	1	1	16.675
3	10	27	23	1	8	111	324	131	12	16	243	7798	324	22	10	130	421	142	11	5	15	34	19	3	113	0	44	10000	1	1	16.225
2	23	23	15	3	8	121	339	155	14	21	273	7514	390	36	11	137	450	169	19	6	28	44	17	2	126	0	54	10000	1	1	15.775
4	14	34	12	2	12	112	367	184	21	27	307	7332	419	32	12	151	476	182	15	2	16	30	18	5	165	0	49	10000	1	1	15.325
5	22	33	17	1	15	147	390	166	20	23	324	7094	448	35	21	159	542	180	19	5	18	34	37	3	186	0	56	10000	1	1	14.875
2	27	45	23	6	12	159	435	196	23	19	362	6828	494	36	22	172	569	219	21	4	23	49	29	10	163	0	52	10000	1	1	14.425
2	19	40	28	1	18	169	495	200	19	20	414	6618	520	34	18	156	582	246	23	3	40	49	32	6	190	0	58	10000	1	1	13.975
2	25	37	30	1	18	193	502	204	20	37	447	6398	560	44	17	184	642	226	19	5	24	45	32	4	214	0	70	10000	1	1	13.525
2	24	37	26	4	20	198	531	223	27	31	462	6126	576	51	26	236	670	238	34	3	24	56	38	5	251	0	81	10000	1	1	13.075
5	31	39	30	2	15	211	543	228	33	28	467	6137	580	48	29	233	637	232	23	9	36	58	39	7	216	0	84	10000	1	1	12.625
4	31	46	21	4	21	191	570	220	19	32	454	5996	582	51	20	228	744	279	25	4	37	69	32	8	232	0	80	10000	1	1	12.175
4	21	51	27	6	22	191	560	227	21	30	479	5891	635	40	16	233	781	262	27	1	33	49	41	4	252	0	96	10000	1	1	11.725
5	34	55	22	5	23	193	612	226	25	28	532	5723	641	56	25	245	761	291	21	7	35	59	36	5	244	0	91	10000	1	1	11.275
2	20	49	35	2	26	211	604	236	23	38	482	5700	661	44	17	271	760	283	36	4	30	79	43	9	263	0	72	10000	1	1	10.825
3	37	48	37	7	25	174	652	263	36	38	529	5611	713	51	27	239	728	292	30	2	35	64	41	2	226	0	90	10000	1	1	10.375
4	26	50	37	3	33	211	609	279	36	35	518	5577	664	34	30	246	797	309	32	5	31	68	34	4	246	0	82	10000	1	1	9.925
4	25	65	23	7	23	194	644	284	35	29	529	5550	686	37	14	236	770	292	51	8	25	78	32	3	259	0	97	10000	1	1	9.475
4	22	47	40	6	28	222	649	248	32	42	586	5417	673	59	21	299	784	268	29	3	38	72	47	7	259	0	98	10000	1	1	9.025
7	27	55	40	7	31	224	648	279	30	41	545	5351	693	55	24	274	809	289	23	6	43	67	50	5	267	0	110	10000	1	1	8.575
5	28	50	26	4	22	217	673	259	25	37	577	5279	704	60	23	280	840	317	34	3	49	70	40	8	277	0	93	10000	1	1	8.125
2	23	54	27	8	19	197	685	279	29	33	563	5342	710	50	26	252	801	339	37	6	36	77	38	7	259	0	101	10000	1	1	7.675
3	40	65	32	8	20	218	639	288	28	33	584	5276	697	52	17	258	824	327	45	3	33	79	54	8	262	0	107	10000	1	1	7.225
4	33	57	37	3	18	242	613	279	28	36	573	5270	740	47	30	293	805	315	34	4	31	77	40	5	288	0	98	10000	1	1	6.775
5	29	50	30	6	31	209	682	273	30	40	594	5178	709	60	23	268	899	331	28	3	42	74	49	10	263	0	84	10000	1	1	6.325
6	37	63	40	3	19	235	723	283	28	39	587	5182	699	52	21	294	830	303	33	3	44	71	31	4	268	0	102	10000	1	1	5.875
5	31	58	37	9	27	234	667	303	28	32	588	5206	736	50	27	266	826	279	35	6	45	64	44	2	285	0	110	10000	1	1	5.425
6	33	49	40	4	25	214	704	269	34	48	587	5286	667	40	22	285	813	314	34	6	42	70	42	4	268	0	94	10000	1	1	4.975
4	38	47	34	5	23	207	691	280	23	57	590	5216	745	55	24	260	840	305	27	5	34	84	29	7	271	0	99	10000	1	1	4.525
1	47	53	35	4	25	238	687	275	31	44	574	5186	696	42	27	265	874	330	27	4	38	87	41	4	261	8	96	10000	1	1	4.075
4	29	53	41	7	22	240	678	298	36	45	600	5170	728	47	23	269	834	299	28	6	33	61	39	7	241	54	108	10000	1	1	3.625
5	40	61	36	7	19	259	713	299	33	35	537	5041	671	58	26	282	827	288	27	7	43	79	46	6	287	179	89	10000	1	1	3.175
6	30	47	32	10	21	205	738	271	24	48	607	4809	724	45	21	261	850	288	30	4	37	74	39	5	274	393	107	10000	1	1	2.725
7	31	57	31	5	25	214	654	236	22	44	587	4698	652	40	30	259	818	298	22	4	40	74	36	5	299	705	107	10000	1	1	2.275
6	33	49	22	11	20	211	600	270	24	51	539	4412	628	45	25	249	758	310	23	8	32	69	36	3	265	1217	84	10000	1	1	1.825
7	31	37	26	6	20	203	575	239	20	55	471	3962	628	39	26	243	717	256	30	2	43	63	31	7	237	1916	110	10000	1	1	1.375
5	26	35	20	6	21	177	524	197	25	43	458	3609	548	40	22	228	650	243	19	1	34	58	35	9	219	2673	75	10000	1	1	0.925
2	17	37	20	4	19	149	471	196	22	35	442	3120	494	37	19	218	569	210	16	5	24	52	34	4	198	3527	59	10000	1	1	0.475
4	14	45	30	3	18	156	452	185	19	22	372	2736	415	28	13	157	509	218	24	3	22	41	26	5	187	4231	65	10000	1	1	0.025
1	11	32	18	2	11	119	397	132	17	26	286	2195	370	32	21	156	453	160	16	5	14	34	19	6	157	5255	55	10000	1	1	-0.425
1	14	31	17	2	12	90	328	136	7	23	260	1975	305	26	15	140	416	145	14	2	21	34	22	2	149	5770	43	10000	1	1	-0.875
2	20	24	18	2	10	87	264	121	6	18	242	1714	273	23	12	98	333	138	9	0	17	25	20	0	108	6381	35	10000	1	1	-1.325
0	13	24	10	3	11	101	235	95	10	12	224	1432	260	17	12	94	267	110	11	2	9	27	16	1	123	6854	27	10000	1	1	-1.775
1	9	26	8	0	7	81	193	73	17	6	193	1177	215	22	7	86	231	98	10	1	14	21	16	2	109	7342	35	10000	1	1	-2.225
0	5	16	9	2	4	76	187	67	15	13	141	1080	188	10	2	74	217	87	10	1	8	16	14	5	119	7605	29	10000	1	1	-2.675
2	5	18	12	2	1	41	136	70	5	6	128	925	148	9	9	62	194	66	10	1	11	15	12	1	110	7972	29	10000	1	1	-3.125
1	2	13	14	0	6	51	163	64	7	5	116	773	143	10	3	67	174	60	10	0	10	17	13	0	91	8167	20	10000	1	1	-3.575
0	5	19	6	1	6	37	117	48	7	7	108	671	124	14	3	40	150	61	5	1	4	11	4	2	116	8411	22	10000	1	1	-4.025
0	3	6	9	1	3	39	92	53	3	5	68	605	102	8	0	35	116	45	5	2	9	10	7	0	103	8653	18	10000	1	1	-4.475
0	3	6	7	2	4	34	87	41	2	4	88	484	93	13	3	29	104	36	6	1	6	7	6	2	112	8804	16	10000	1	1	-4.925
1	2	9	5	0	2	27	89	26	4	3	59	415	79	3	5	30	109	32	2	1	7	9	3	1	108	8959	10	10000	1	1	-5.375
1	3	4	2	1	0	23	67	36	3	7	58	374	71	3	2	26	87	32	1	0	2	6	4	0	124	9053	10	10000	1	1	-5.825
0	2	6	3	0	3	24	60	28	1	7	35	331	65	3	5	29	66	26	4	0	1	10	4	1	138	9136	12	10000	1	1	-6.275
0	2	3	4	0	2	18	62	18	2	3	44	253	63	7	3	34	60	38	0	0	1	6	4	1	139	9226	7	10000	1	1	-6.725
0	3	5	2	0	0	13	45	16	2	4	32	232	42	3	2	21	54	21	1	0	5	3	2	0	181	9302	9	10000	1	1	-7.175
0	0	5	1	0	1	9	42	17	1	6	29	208	43	1	1	16	56	17	3	0	3	4	1	2	160	9369	5	10000	1	1	-7.625
0	0	2	2	0	0	14	41	12	1	2	30	165	34	1	1	15	36	16	2	0	2	4	2	0	194	9421	3	10000	1	1	-8.075
0	2	1	2	0	3	12	34	11	0	1	25	146	33	1	3	12	37	16	1	0	4	6	1	0	242	9401	6	10000	1	1	-8.525
0	0	1	4	0	1	11	31	7	1	2	22	125	29	3	2	11	27	11	0	0	2	4	0	0	259	9444	3	10000	1	1	-8.975
0	0	1	0	0	0	4	19	8	1	4	8	120	30	1	0	8	31	12	1	0	3	3	2	1	346	9395	2	10000	1	1	-9.425
0	1	1	1	0	1	13	20	11	2	2	14	96	20	0	0	10	27	8	2	0	0	1	0	0	377	9390	3	10000	1	1	-9.875
0	0	1	0	0	0	4	20	7	0	0	6	84	30	1	0	8	19	5	0	0	0	0	1	1	425	9387	1	10000	1	1	-10.325
0	2	0	1	1	2	5	12	7	0	0	16	71	18	1	0	6	22	8	2	0	1	3	0	0	487	9332	3	10000	1	1	-10.775
0	0	1	1	0	0	5	14	10	1	1	9	66	12	1	1	6	17	5	1	0	1	1	1	0	544	9299	3	10000	1	1	-11.225
0	0	1	1	0	0	5	11	2	0	2	5	58	5	0	0	4	21	6	1	0	0	1	0	1	634	9241	1	10000	1	1	-11.675
0	0	1	1	1	0	1	8	5	1	0	6	41	10	1	1	3	10	6	1	0	0	1	0	0	703	9197	2	10000	1	1	-12.125
0	0	2	0	0	1	1	11	6	0	0	6	51	10	2	0	6	13	5	0	0	0	0	0	0	832	9053	1	10000	1	1	-12.575
0	0	4	0	0	1	2	8	4	0	0	9	43	8	0	0	1	10	1	0	0	0	0	1	1	971	8936	0	10000	1	1	-13.025
0	0	2	0	0	0	1	5	0	0	1	3	28	6	0	0	1	7	5	0	0	0	2	0	0	1129	8807	3	10000	1	1	-13.475
0	0	2	0	1	0	3	5	4	0	1	1	33	5	2	0	3	6	6	0	0	0	1	0	0	1284	8642	1	10000	1	1	-13.925
0	0	0	0	0	0	4	4	2	0	0	5	26	7	1	0	0	6	1	0	0	0	1	0	0	1431	8512	0	10000	1	1	-14.375
0	1	0	0	0	1	1	9	3	0	1	2	24	11	0	0	1	2	3	0	0	0	0	0	0	1711	8229	1	10000	1	1	-14.825
0	1	0	0	0	0	2	4	2	0	0	5	18	4	0	0	1	2	2	0	0	0	0	1	0	2006	7952	0	10000	1	1	-15.275
0	0	0	0	1	0	1	1	0	0	0	5	10	5	0	0	0	5	4	0	0	0	0	0	0	2211	7755	2	10000	1	1	-15.725
0	0	2	0	0	1	1	1	2	0	0	3	13	4	1	0	3	1	0	0	0	0	0	0	0	2568	7399	1	10000	1	1	-16.175
0	0	2	0	0	0	0	4	1	0	0	0	5	0	0	0	3	5	0	1	0	0	0	0	0	3076	6902	1	10000	1	1	-16.625
0	0	0	0	0	1	0	1	0	0	0	0	6	1	2	0	1	2	1	0	0	0	0	0	0	3510	6475	0	10000	1	1	-17.075
0	0	0	0	0	0	0	2	1	0	0	1	12	0	0	0	0	3	0	0	0	0	1	0	0	3954	6026	0	10000	1	1	-17.525
0	0	0	0	0	0	0	4	0	0	0	0	4	1	0	0	0	2	1	0	0	0	0	0	0	4513	5475	0	10000	1	1	-17.975
0	0	0	0	0	0	0	1	0	0	0	0	10	1	1	0	0	0	1	0	0	0	0	1	0	5433	4552	0	10000	1	1	-18.425
0	0	0	0	0	0	0	0	0	0	0	1	6	1	0	0	1	3	0	0	0	0	0	0	0	6219	3769	0	10000	1	1	-18.875
0	0	1	0	0	0	0	0	0	0	0	0	4	0	1	0	0	1	1	0	0	0	0	0	0	6994	2998	0	10000	1	1	-19.325
0	0	0	0	0	0	0	0	0	0	0	0	3	0	1	0	0	1	0	1	0	0	0	0	0	7582	2412	0	10000	1	1	-19.775
