100	
1	12	35	42	6	14	75	390	266	33	34	306	3774	1444	114	22	227	1482	848	74	9	33	134	116	22	377	0	110	10000	8.5	7.5	24.775
3	16	35	31	6	11	104	344	263	39	19	252	3875	1410	102	26	207	1537	821	88	5	43	156	86	25	372	0	124	10000	8.5	7.5	24.325
2	14	44	26	2	10	78	324	292	47	26	287	3764	1452	107	19	230	1556	823	82	4	40	145	116	16	370	0	124	10000	8.5	7.5	23.875
3	16	31	30	9	9	87	370	282	38	23	293	3849	1406	101	17	217	1517	849	63	5	37	135	102	22	368	0	121	10000	8.5	7.5	23.425
0	19	27	22	5	9	109	389	284	33	20	256	3809	1455	91	9	226	1530	833	83	5	52	145	106	18	353	0	112	10000	8.5	7.5	22.975
1	14	37	33	4	8	89	386	292	44	31	270	3798	1490	90	14	230	1433	856	92	4	47	125	115	15	367	0	115	10000	8.5	7.5	22.525
2	15	38	22	9	12	93	392	290	44	21	275	3810	1419	94	23	209	1497	819	88	7	47	131	120	18	381	0	124	10000	8.5	7.5	22.075
0	15	33	26	8	13	92	378	303	40	20	290	3915	1363	101	19	203	1467	842	81	8	39	130	107	20	372	0	115	10000	8.5	7.5	21.625
4	11	26	20	5	3	108	400	261	47	29	281	3770	1438	102	22	214	1558	839	81	3	38	133	104	19	369	0	115	10000	8.5	7.5	21.175
4	11	33	36	10	14	80	376	284	37	18	273	3898	1393	99	25	211	1535	853	81	3	37	123	88	15	359	0	104	10000	8.5	7.5	20.725
3	19	30	42	4	9	103	395	257	39	25	280	3761	1461	106	18	234	1464	844	87	7	45	124	126	18	381	0	118	10000	8.5	7.5	20.275
1	14	40	24	5	7	111	358	298	35	13	273	3915	1333	103	28	206	1507	851	90	5	39	123	107	31	378	0	105	10000	8.5	7.5	19.825
2	14	34	34	4	19	96	364	300	47	26	295	3749	1427	96	25	230	1513	865	67	5	45	134	107	20	373	0	109	10000	8.5	7.5	19.375
6	10	24	32	13	9	99	410	282	52	20	252	3795	1403	98	23	212	1549	873	84	6	45	117	119	16	356	0	95	10000	8.5	7.5	18.925
2	11	42	36	6	10	92	380	333	52	18	260	3774	1473	99	20	232	1487	855	69	4	36	124	110	13	352	0	110	10000	8.5	7.5	18.475
2	19	31	33	11	13	98	370	325	46	30	296	3741	1456	120	23	205	1473	843	81	4	46	137	93	17	355	0	132	10000	8.5	7.5	18.025
1	23	32	21	10	9	106	378	316	45	22	272	3711	1398	114	17	230	1548	852	91	3	33	142	119	19	371	0	117	10000	8.5	7.5	17.575
1	17	44	37	4	12	98	410	276	51	23	311	3725	1438	99	16	234	1528	794	71	4	44	136	109	22	378	0	118	10000	8.5	7.5	17.125
4	14	31	36	4	8	90	417	320	47	22	294	3666	1431	107	21	251	1554	847	89	5	53	108	102	24	347	0	108	10000	8.5	7.5	16.675
3	18	32	27	7	14	111	368	303	33	29	249	3725	1489	108	18	223	1558	845	80	5	38	122	106	10	377	0	102	10000	8.5	7.5	16.225
1	19	41	25	7	11	84	416	302	44	28	306	3636	1426	123	17	234	1522	860	80	2	38	140	95	13	403	0	127	10000	8.5	7.5	15.775
0	10	36	31	9	12	83	405	271	42	19	295	3658	1461	114	22	239	1507	878	79	4	41	130	103	12	425	0	114	10000	8.5	7.5	15.325
1	16	41	30	8	14	104	376	304	41	19	314	3621	1514	98	15	231	1541	864	69	5	48	130	94	15	360	0	127	10000	8.5	7.5	14.875
0	16	45	33	4	9	95	440	307	48	29	285	3587	1469	106	17	229	1546	842	76	4	34	149	120	20	365	0	125	10000	8.5	7.5	14.425
4	10	38	26	8	12	110	421	297	43	20	312	3674	1445	96	13	226	1496	911	70	6	35	143	96	19	361	0	108	10000	8.5	7.5	13.975
1	17	41	44	7	16	117	395	302	50	24	333	3589	1516	103	29	228	1558	783	80	7	51	149	93	16	336	0	115	10000	8.5	7.5	13.525
2	11	38	38	6	15	99	408	306	32	24	310	3609	1500	113	26	216	1457	861	88	7	37	153	95	25	396	0	128	10000	8.5	7.5	13.075
3	15	28	37	9	10	104	422	316	45	22	295	3557	1446	103	19	238	1542	895	82	5	47	127	109	15	400	0	109	10000	8.5	7.5	12.625
2	20	51	36	5	13	108	439	303	42	19	330	3422	1501	108	19	243	1568	861	85	8	44	137	101	11	407	0	117	10000	8.5	7.5	12.175
2	16	51	24	7	8	90	424	319	45	29	318	3418	1483	97	19	248	1583	910	88	3	40	140	98	17	401	0	122	10000	8.5	7.5	11.725
3	12	30	35	3	13	112	414	322	37	33	303	3488	1475	113	17	237	1534	904	83	9	42	143	109	15	400	0	114	10000	8.5	7.5	11.275
4	13	32	33	11	8	110	393	324	33	29	317	3496	1517	107	18	220	1537	857	110	9	36	159	108	15	377	0	127	10000	8.5	7.5	10.825
0	19	38	23	7	14	101	444	306	41	23	287	3434	1466	116	25	242	1646	885	83	4	33	122	119	21	374	0	127	10000	8.5	7.5	10.375
6	16	35	28	8	14	96	447	313	35	18	326	3492	1481	93	28	227	1603	842	91	2	39	131	109	20	381	0	119	10000	8.5	7.5	9.925
4	12	39	26	8	11	106	416	324	41	22	328	3437	1493	104	20	259	1573	854	98	4	47	135	108	18	391	0	122	10000	8.5	7.5	9.475
2	15	46	29	4	15	109	423	313	42	26	314	3363	1507	138	22	230	1559	874	79	3	48	151	120	17	429	0	122	10000	8.5	7.5	9.025
2	16	38	33	6	15	97	426	337	33	22	336	3378	1476	112	17	234	1626	868	84	6	34	140	98	30	385	0	151	10000	8.5	7.5	8.575
2	19	29	26	6	10	110	447	313	51	26	311	3405	1548	103	23	230	1567	835	95	6	56	132	134	12	389	0	115	10000	8.5	7.5	8.125
1	15	41	34	3	10	86	381	312	46	31	317	3392	1539	125	19	256	1641	833	91	5	47	166	102	14	373	0	120	10000	8.5	7.5	7.675
1	17	44	31	4	11	107	426	312	40	21	328	3385	1469	125	23	208	1572	868	81	4	46	168	131	24	411	0	143	10000	8.5	7.5	7.225
2	19	27	34	8	13	118	441	305	49	19	319	3325	1526	102	18	257	1641	858	76	6	39	148	105	17	400	0	128	10000	8.5	7.5	6.775
2	17	38	44	9	13	112	418	310	49	24	313	3384	1542	114	25	248	1603	843	88	2	42	130	98	17	395	0	120	10000	8.5	7.5	6.325
0	12	36	34	7	13	112	426	313	55	19	342	3350	1516	99	19	248	1583	862	96	4	50	157	114	21	396	0	116	10000	8.5	7.5	5.875
0	20	36	32	8	7	93	411	317	32	15	308	3389	1483	121	16	245	1617	918	86	7	39	121	128	21	403	0	127	10000	8.5	7.5	5.425
3	13	43	26	4	11	102	430	313	37	21	301	3433	1534	94	9	275	1544	902	91	7	51	136	96	21	386	0	117	10000	8.5	7.5	4.975
1	19	36	26	6	13	105	445	292	41	29	299	3361	1523	124	18	233	1617	893	92	7	42	142	132	27	369	1	107	10000	8.5	7.5	4.525
3	20	47	31	7	10	89	404	335	45	20	295	3404	1532	99	21	240	1598	890	71	6	37	158	108	18	372	10	130	10000	8.5	7.5	4.075
0	22	33	26	7	17	116	441	323	45	21	322	3333	1485	132	18	236	1536	892	91	7	43	150	111	20	391	68	114	10000	8.5	7.5	3.625
0	15	50	36	8	13	116	407	301	39	23	303	3306	1479	106	13	269	1543	874	74	6	46	142	109	16	393	178	135	10000	8.5	7.5	3.175
3	11	35	25	6	11	120	393	292	37	22	315	3257	1470	104	25	235	1574	785	81	2	45	157	138	14	361	377	105	10000	8.5	7.5	2.725
0	5	31	39	11	9	114	366	315	44	26	318	3178	1384	95	16	244	1432	866	73	9	33	112	114	24	342	698	102	10000	8.5	7.5	2.275
1	13	36	33	6	16	82	401	318	38	25	289	2860	1340	99	20	238	1383	745	79	7	35	119	99	16	334	1270	98	10000	8.5	7.5	1.825
5	14	22	27	8	10	61	365	271	26	17	273	2715	1165	97	15	194	1329	722	64	4	40	120	97	16	339	1897	87	10000	8.5	7.5	1.375
2	10	28	24	6	15	80	305	232	36	9	247	2429	1129	75	17	186	1188	611	67	4	43	107	88	14	328	2634	86	10000	8.5	7.5	0.925
5	11	16	15	3	7	78	275	215	24	23	237	2108	1021	56	13	162	1083	566	69	3	34	85	59	12	295	3467	58	10000	8.5	7.5	0.475
0	8	25	22	9	8	43	238	175	21	15	175	1918	868	63	9	154	887	500	44	6	26	84	52	10	218	4350	72	10000	8.5	7.5	0.025
1	7	16	19	3	7	61	211	157	28	11	150	1545	771	59	10	118	762	420	41	0	17	67	58	10	207	5206	38	10000	8.5	7.5	-0.425
2	9	23	17	4	8	57	171	132	17	9	148	1344	615	57	13	125	663	369	41	0	16	66	42	5	186	5801	60	10000	8.5	7.5	-0.875
1	11	13	15	3	6	38	147	120	17	15	123	1161	525	42	7	94	565	338	26	5	14	56	47	5	152	6407	47	10000	8.5	7.5	-1.325
1	6	10	11	2	2	36	144	115	21	7	96	967	439	26	7	66	487	289	35	0	10	38	33	7	174	6935	36	10000	8.5	7.5	-1.775
1	8	16	10	2	9	34	114	77	19	3	79	843	423	36	3	69	419	260	15	2	14	35	25	2	140	7305	37	10000	8.5	7.5	-2.225
2	5	16	5	3	5	37	94	77	9	3	84	745	360	29	4	66	356	212	19	0	4	33	28	2	137	7648	17	10000	8.5	7.5	-2.675
3	5	16	6	2	2	23	83	58	9	2	78	653	313	23	10	52	308	186	15	2	9	24	24	4	126	7940	24	10000	8.5	7.5	-3.125
1	3	4	6	2	3	16	74	57	11	1	63	551	299	28	2	41	285	166	18	0	5	32	20	3	128	8166	15	10000	8.5	7.5	-3.575
0	1	6	5	3	3	14	72	54	9	10	47	508	253	13	3	43	226	138	12	2	7	23	21	1	107	8402	17	10000	8.5	7.5	-4.025
0	0	4	5	0	2	15	58	33	11	2	45	446	199	16	2	35	246	122	13	2	7	18	8	4	111	8582	14	10000	8.5	7.5	-4.475
0	2	4	3	0	3	8	42	39	6	4	47	369	161	20	2	30	172	110	7	0	5	21	10	3	123	8797	12	10000	8.5	7.5	-4.925
0	0	2	2	2	0	16	47	24	1	2	31	299	159	7	2	33	161	88	8	0	7	22	11	2	128	8940	6	10000	8.5	7.5	-5.375
0	1	1	4	1	3	17	50	43	4	1	27	253	150	9	0	18	128	87	9	1	4	5	6	3	146	9018	11	10000	8.5	7.5	-5.825
0	0	5	2	2	2	12	27	32	3	1	24	222	124	10	1	21	132	81	7	2	3	13	6	1	159	9094	14	10000	8.5	7.5	-6.275
0	0	6	1	0	1	9	20	19	2	3	26	196	119	12	3	26	97	59	7	2	0	8	4	0	149	9221	10	10000	8.5	7.5	-6.725
0	2	4	2	0	4	4	22	20	1	2	16	179	76	6	1	18	85	39	6	0	0	8	4	1	177	9315	8	10000	8.5	7.5	-7.175
0	0	2	2	1	3	7	18	13	4	2	17	144	92	6	1	8	83	53	3	0	7	10	8	2	199	9305	10	10000	8.5	7.5	-7.625
0	1	2	2	1	0	9	19	10	2	1	13	125	71	4	0	8	64	53	2	0	1	1	3	1	222	9376	9	10000	8.5	7.5	-8.075
0	1	1	0	1	1	3	17	10	1	2	12	95	46	3	0	10	60	25	4	0	3	2	3	0	242	9451	7	10000	8.5	7.5	-8.525
1	0	1	0	0	0	3	19	10	4	2	16	102	49	2	0	5	55	38	7	0	2	1	7	0	278	9398	0	10000	8.5	7.5	-8.975
1	2	2	0	0	1	9	11	11	2	0	11	82	66	3	1	5	46	23	5	0	0	6	5	0	307	9395	6	10000	8.5	7.5	-9.425
0	0	2	1	0	1	1	13	4	0	0	3	75	26	3	0	9	44	30	0	0	1	2	3	1	366	9413	2	10000	8.5	7.5	-9.875
0	1	1	1	0	0	1	10	9	1	0	5	63	29	2	0	3	35	21	2	0	0	3	0	0	415	9394	4	10000	8.5	7.5	-10.325
0	0	0	1	0	0	0	9	7	1	1	6	61	23	5	1	6	23	19	0	0	1	2	1	0	470	9363	0	10000	8.5	7.5	-10.775
0	0	1	0	0	0	5	6	6	2	1	2	41	23	3	0	2	19	16	3	0	0	6	1	0	617	9242	4	10000	8.5	7.5	-11.225
0	0	1	1	0	0	4	7	9	0	0	4	30	24	0	0	3	25	9	1	0	0	2	0	0	648	9230	2	10000	8.5	7.5	-11.675
0	1	1	0	0	1	0	4	1	0	0	3	37	26	0	0	3	22	13	0	0	0	1	2	0	677	9204	4	10000	8.5	7.5	-12.125
0	0	0	0	0	0	0	5	5	0	0	0	28	17	1	0	3	16	17	0	0	0	3	1	0	829	9072	3	10000	8.5	7.5	-12.575
1	0	0	0	0	0	3	2	1	0	0	1	25	14	2	0	2	14	10	1	0	0	1	1	0	906	9013	3	10000	8.5	7.5	-13.025
0	0	1	0	0	0	1	2	3	1	0	1	18	12	0	1	3	7	9	0	0	0	0	0	0	1115	8826	0	10000	8.5	7.5	-13.475
0	0	0	1	0	0	0	3	2	0	0	1	9	9	1	1	1	6	4	0	0	1	3	0	0	1295	8663	0	10000	8.5	7.5	-13.925
0	0	1	0	0	0	0	2	3	0	0	3	15	10	1	0	2	3	6	2	0	0	2	0	0	1497	8452	1	10000	8.5	7.5	-14.375
0	0	0	0	0	1	1	1	1	0	0	2	16	6	1	0	0	9	4	0	1	0	1	1	0	1653	8299	3	10000	8.5	7.5	-14.825
0	0	0	0	0	0	0	3	1	0	0	1	7	5	0	0	0	10	7	1	0	1	0	1	1	1921	8040	1	10000	8.5	7.5	-15.275
0	0	1	0	0	0	0	1	3	1	0	1	5	4	2	0	1	6	5	0	0	0	0	0	0	2232	7737	1	10000	8.5	7.5	-15.725
0	0	0	0	0	0	0	0	1	0	0	1	12	7	0	0	0	5	2	1	0	1	0	0	0	2587	7382	1	10000	8.5	7.5	-16.175
0	0	0	0	0	0	0	4	1	0	0	0	11	3	1	0	1	6	1	1	0	0	2	0	0	3086	6883	0	10000	8.5	7.5	-16.625
0	0	0	0	0	0	1	0	0	0	0	0	6	3	0	0	0	4	5	0	0	0	0	0	0	3476	6505	0	10000	8.5	7.5	-17.075
0	0	1	0	0	0	1	1	1	0	0	0	6	3	0	0	0	3	2	0	0	1	0	0	0	3988	5993	0	10000	8.5	7.5	-17.525
0	0	0	0	0	0	0	0	1	0	0	0	3	2	0	0	0	1	2	0	0	0	0	0	0	4536	5455	0	10000	8.5	7.5	-17.975
0	0	0	0	0	0	1	0	2	0	0	1	0	2	0	0	1	2	2	0	0	0	1	0	0	5456	4532	0	10000	8.5	7.5	-18.425
0	0	0	0	0	0	0	1	0	0	0	0	3	2	0	0	0	1	0	0	0	0	0	0	0	6119	3874	0	10000	8.5	7.5	-18.875
0	0	0	0	0	0	0	1	1	0	0	0	0	0	0	0	0	0	0	0	0	0	0	0	0	6990	3008	0	10000	8.5	7.5	-19.325
0	0	0	0	0	0	0	0	0	0	0	1	0	2	0	0	0	2	0	0	0	0	1	0	0	7684	2310	0	10000	8.5	7.5	-19.775
