100	
1	10	47	41	7	7	64	370	355	52	18	206	2968	1990	156	11	191	1415	1096	115	6	33	135	108	25	424	0	149	10000	12	7.5	24.775
2	11	38	28	11	14	97	410	339	46	17	238	2910	1980	145	13	180	1426	1121	109	3	46	150	110	20	430	0	106	10000	12	7.5	24.325
1	17	42	45	11	10	87	376	345	65	14	216	2934	2028	133	20	177	1416	1076	103	4	37	123	135	22	438	0	125	10000	12	7.5	23.875
1	12	30	33	4	13	76	393	342	54	15	211	2993	1997	140	21	188	1425	1070	98	4	42	143	124	26	437	0	108	10000	12	7.5	23.425
1	12	31	46	5	9	88	370	331	43	23	239	2983	1985	145	6	188	1399	1085	134	5	33	137	132	21	425	0	124	10000	12	7.5	22.975
0	14	38	42	7	6	96	363	324	51	13	232	2975	2008	139	17	191	1377	1063	146	7	47	146	131	24	415	0	128	10000	12	7.5	22.525
0	10	35	41	10	9	94	377	362	52	17	228	2910	1965	152	17	206	1462	1100	111	3	24	123	101	18	450	0	123	10000	12	7.5	22.075
0	20	39	43	11	11	86	402	343	65	16	235	2900	1996	120	7	163	1425	1153	105	2	47	140	143	17	391	0	120	10000	12	7.5	21.625
3	13	27	34	15	8	93	425	336	65	14	245	2918	2032	155	20	183	1429	1031	113	1	36	136	138	19	377	0	134	10000	12	7.5	21.175
3	8	28	39	15	6	94	376	352	48	14	259	2981	2062	125	16	195	1370	1023	131	3	41	150	101	30	392	0	138	10000	12	7.5	20.725
0	14	47	33	5	5	85	382	350	53	13	245	2924	2083	134	17	187	1392	1076	117	3	37	100	119	20	434	0	125	10000	12	7.5	20.275
2	11	45	28	7	5	77	415	349	61	14	223	3042	1995	130	25	196	1377	1060	110	2	28	139	126	22	406	0	105	10000	12	7.5	19.825
0	12	32	29	11	15	78	407	335	43	17	231	2964	1938	148	14	175	1456	1094	96	5	38	161	137	20	412	0	132	10000	12	7.5	19.375
2	14	53	38	8	12	92	382	372	64	21	218	2962	1974	138	20	183	1353	1072	119	2	30	157	116	33	425	0	140	10000	12	7.5	18.925
1	5	44	27	6	9	92	392	383	51	13	214	2982	2019	138	13	174	1426	1075	108	1	33	144	123	29	365	0	133	10000	12	7.5	18.475
0	20	38	32	6	7	97	419	372	44	25	243	2951	1987	153	15	190	1416	1061	92	3	40	114	117	30	405	0	123	10000	12	7.5	18.025
3	13	28	33	8	13	97	391	372	56	14	259	2820	2003	161	20	193	1411	1107	129	3	47	143	118	25	436	0	97	10000	12	7.5	17.575
2	14	43	32	11	8	96	376	324	57	13	245	2943	2117	134	20	200	1432	1002	111	3	49	122	128	21	389	0	108	10000	12	7.5	17.125
3	12	41	30	8	11	97	401	353	54	19	221	2885	2076	138	15	206	1366	1104	115	5	34	128	118	17	418	0	125	10000	12	7.5	16.675
3	10	30	35	13	10	95	432	387	58	15	235	2876	1927	128	17	199	1479	1071	105	7	37	151	127	26	411	0	116	10000	12	7.5	16.225
0	12	31	36	13	8	89	352	365	50	24	262	2893	2049	142	14	175	1404	1072	133	2	40	147	127	23	421	0	116	10000	12	7.5	15.775
4	8	40	30	8	5	88	416	375	68	21	239	2875	1989	148	18	189	1427	1069	96	2	41	131	104	31	451	0	127	10000	12	7.5	15.325
2	17	42	37	11	12	93	388	311	51	24	245	2913	1970	149	19	189	1425	1096	113	5	32	136	131	18	439	0	132	10000	12	7.5	14.875
2	19	34	43	6	15	96	403	379	49	20	245	2949	1979	143	19	186	1370	1051	118	3	41	148	122	22	413	0	125	10000	12	7.5	14.425
3	13	32	44	4	7	91	407	349	52	21	255	2810	2074	125	11	190	1439	1148	111	6	43	119	109	21	415	0	101	10000	12	7.5	13.975
0	12	34	38	7	5	103	377	333	60	24	232	2875	2002	136	16	210	1462	1035	104	2	44	145	141	30	437	0	136	10000	12	7.5	13.525
1	15	32	29	13	15	81	365	360	45	19	224	2939	1967	149	16	188	1459	1091	97	9	42	158	127	22	434	0	103	10000	12	7.5	13.075
2	13	39	39	6	9	90	415	382	62	20	234	2879	2022	129	23	177	1424	1065	111	3	33	138	125	26	423	0	111	10000	12	7.5	12.625
1	9	44	38	8	11	86	446	366	50	18	233	2829	1944	140	16	186	1439	1061	139	3	32	141	157	21	456	0	126	10000	12	7.5	12.175
2	18	32	38	4	13	84	418	383	51	14	226	2855	1973	140	17	170	1428	1155	104	6	33	128	115	26	447	0	120	10000	12	7.5	11.725
3	15	38	42	8	11	95	366	355	54	24	235	2776	2078	150	19	208	1465	1086	101	1	39	130	144	25	411	0	121	10000	12	7.5	11.275
1	16	31	35	7	10	78	410	374	62	23	260	2868	2010	148	19	190	1391	1094	118	2	38	125	113	25	424	0	128	10000	12	7.5	10.825
1	22	42	41	9	10	82	402	387	50	20	240	2840	1939	142	18	178	1429	1116	116	4	44	142	123	27	449	0	127	10000	12	7.5	10.375
1	10	40	49	10	9	105	397	355	56	16	243	2907	1972	138	15	174	1497	1038	103	2	36	130	118	26	406	0	147	10000	12	7.5	9.925
5	20	39	37	13	8	95	440	375	65	21	223	2822	2033	147	16	198	1411	1089	120	6	29	113	119	25	391	0	140	10000	12	7.5	9.475
2	9	36	36	5	14	97	433	354	54	22	248	2740	2047	129	19	176	1403	1098	119	4	49	140	149	34	465	0	118	10000	12	7.5	9.025
0	13	44	36	9	6	86	405	342	53	17	262	2858	1996	137	21	181	1457	1072	104	3	41	131	113	24	478	0	111	10000	12	7.5	8.575
1	13	36	38	9	17	101	411	368	55	25	273	2743	2069	164	12	164	1473	1081	104	1	37	122	114	23	414	0	132	10000	12	7.5	8.125
2	21	29	28	11	9	88	422	339	51	15	260	2772	2020	134	18	186	1431	1100	111	6	38	162	123	33	444	0	147	10000	12	7.5	7.675
2	18	40	37	13	10	83	416	344	62	19	250	2800	2063	114	16	199	1421	1104	111	2	43	134	101	22	448	0	128	10000	12	7.5	7.225
3	12	45	38	8	10	91	405	357	53	29	268	2738	2022	156	21	202	1460	1100	111	5	36	127	99	21	455	0	128	10000	12	7.5	6.775
1	13	36	43	8	8	94	428	361	62	30	242	2709	1994	153	19	206	1411	1123	115	8	32	132	118	32	463	0	159	10000	12	7.5	6.325
1	20	47	35	11	14	92	390	360	45	16	290	2708	2043	148	21	178	1499	1077	114	5	40	151	125	24	432	0	114	10000	12	7.5	5.875
1	10	30	37	8	12	105	414	381	50	27	243	2747	2018	150	10	187	1436	1112	132	2	27	111	132	31	449	0	138	10000	12	7.5	5.425
0	15	39	45	10	4	96	436	368	68	28	248	2767	1957	128	10	209	1446	1109	126	3	38	145	127	20	418	0	140	10000	12	7.5	4.975
2	12	30	34	11	11	100	431	382	45	18	227	2800	2005	169	15	211	1401	1103	113	5	46	140	102	26	420	0	141	10000	12	7.5	4.525
2	11	37	52	11	11	82	408	370	50	20	252	2819	1932	158	17	204	1451	1083	114	2	37	148	126	24	431	15	133	10000	12	7.5	4.075
4	17	31	38	5	14	107	403	348	74	15	236	2760	2020	161	17	169	1454	1044	121	7	29	136	138	24	456	60	112	10000	12	7.5	3.625
2	15	37	36	4	7	102	379	385	51	14	243	2713	2009	152	16	171	1452	1081	95	8	43	122	130	24	423	164	122	10000	12	7.5	3.175
0	17	33	29	7	9	88	417	341	61	21	240	2648	1961	150	13	194	1377	1076	103	3	52	148	112	24	407	352	117	10000	12	7.5	2.725
1	16	42	38	11	8	72	403	334	53	19	216	2551	1871	133	12	169	1324	1034	103	7	27	122	109	21	404	778	122	10000	12	7.5	2.275
2	15	36	39	5	10	76	334	347	74	13	230	2424	1750	136	13	180	1293	967	108	1	34	129	104	13	383	1175	109	10000	12	7.5	1.825
1	14	27	29	8	10	86	362	329	39	15	198	2255	1588	124	18	134	1212	882	86	5	29	102	93	19	349	1876	110	10000	12	7.5	1.375
1	16	38	27	8	7	72	312	279	39	9	202	1990	1473	104	15	156	1112	809	73	4	34	97	89	14	344	2584	92	10000	12	7.5	0.925
2	8	25	25	5	3	54	253	243	33	7	171	1771	1234	86	9	127	972	739	110	4	25	92	79	21	318	3512	72	10000	12	7.5	0.475
2	5	23	19	2	6	64	231	208	32	12	146	1498	1206	89	10	118	803	629	74	3	20	96	67	17	263	4275	82	10000	12	7.5	0.025
1	9	16	18	1	6	38	180	199	31	13	106	1283	948	69	6	107	709	546	55	0	13	47	58	14	220	5253	54	10000	12	7.5	-0.425
0	5	21	19	4	7	38	165	165	18	6	95	1114	819	59	6	91	599	471	45	3	18	52	53	13	208	5862	44	10000	12	7.5	-0.875
3	5	18	9	1	2	27	156	118	13	11	81	1003	718	47	8	80	510	411	41	1	18	55	51	7	182	6375	49	10000	12	7.5	-1.325
0	5	14	12	1	3	30	130	125	17	7	71	844	647	42	3	68	448	356	40	0	14	52	53	9	178	6786	45	10000	12	7.5	-1.775
0	3	9	11	1	1	18	136	105	17	6	75	736	549	45	5	54	389	313	38	3	19	48	28	3	146	7213	29	10000	12	7.5	-2.225
0	1	9	5	3	4	26	111	73	18	7	53	599	448	26	7	51	345	266	28	1	10	34	24	4	149	7674	24	10000	12	7.5	-2.675
0	2	10	12	4	1	28	102	80	15	6	48	572	438	33	2	40	279	229	21	0	5	25	21	4	139	7869	15	10000	12	7.5	-3.125
0	2	7	5	0	1	16	81	63	10	2	49	484	360	32	4	34	245	180	29	0	8	25	25	2	135	8181	20	10000	12	7.5	-3.575
0	3	3	5	1	2	15	59	59	8	1	39	397	306	26	4	28	228	166	22	1	4	20	12	6	118	8445	22	10000	12	7.5	-4.025
0	2	9	4	0	0	17	43	50	5	1	31	347	255	25	2	32	216	143	26	2	7	17	15	3	115	8623	10	10000	12	7.5	-4.475
0	2	4	6	0	2	6	38	53	8	1	28	282	208	22	1	31	167	113	10	0	8	25	13	1	124	8833	14	10000	12	7.5	-4.925
0	2	3	3	1	2	9	34	25	4	1	20	253	203	16	2	19	140	121	9	0	8	12	15	1	156	8924	17	10000	12	7.5	-5.375
0	0	5	0	0	1	10	33	28	6	2	17	228	195	10	1	11	110	98	8	0	0	16	12	2	125	9072	10	10000	12	7.5	-5.825
0	1	1	7	1	0	5	21	29	4	1	25	206	150	18	0	12	112	85	10	0	4	9	14	0	168	9111	6	10000	12	7.5	-6.275
0	0	2	1	0	1	4	26	24	2	1	14	171	122	9	0	8	89	80	5	0	3	8	9	0	162	9253	6	10000	12	7.5	-6.725
1	0	0	1	0	0	6	18	26	1	0	11	148	118	5	1	10	85	72	6	2	0	7	13	1	184	9277	7	10000	12	7.5	-7.175
0	0	1	1	0	0	1	19	17	2	0	16	112	106	10	2	12	67	60	12	0	2	5	5	0	179	9366	5	10000	12	7.5	-7.625
0	0	5	0	1	0	7	16	13	2	1	19	104	77	8	1	12	47	42	4	1	1	5	6	2	222	9400	4	10000	12	7.5	-8.075
0	1	5	2	1	0	3	14	19	3	1	10	113	64	5	0	7	53	44	1	0	0	3	7	0	252	9386	6	10000	12	7.5	-8.525
0	1	2	0	0	1	4	10	8	2	0	10	81	74	9	0	7	47	39	6	0	1	6	8	0	274	9403	7	10000	12	7.5	-8.975
0	0	1	2	0	0	2	9	11	1	0	6	87	51	4	1	6	39	24	3	0	1	3	3	1	367	9372	6	10000	12	7.5	-9.425
0	1	1	2	0	2	2	8	5	4	1	9	51	42	4	0	4	28	40	6	0	0	10	5	0	390	9382	3	10000	12	7.5	-9.875
0	1	0	1	0	0	3	10	10	1	2	5	48	40	4	1	5	33	22	3	1	0	3	3	0	427	9372	5	10000	12	7.5	-10.325
0	0	1	1	0	0	2	6	8	3	0	3	39	40	1	0	6	30	30	5	0	0	3	4	1	477	9336	4	10000	12	7.5	-10.775
0	0	1	0	0	0	1	6	8	0	0	4	33	36	4	0	1	22	20	0	0	0	1	4	0	545	9314	0	10000	12	7.5	-11.225
0	1	0	0	0	1	0	6	3	1	0	3	27	33	5	0	4	14	19	1	0	1	2	2	1	687	9187	2	10000	12	7.5	-11.675
0	0	0	0	0	0	3	3	9	1	0	6	26	26	3	0	3	18	16	3	0	2	0	0	1	748	9132	0	10000	12	7.5	-12.125
0	0	0	0	1	0	1	4	2	0	1	0	33	25	1	0	3	14	11	1	0	0	0	1	1	813	9087	1	10000	12	7.5	-12.575
0	0	0	0	0	0	1	3	3	0	0	2	24	23	2	0	2	17	11	0	0	0	1	1	1	941	8965	3	10000	12	7.5	-13.025
0	1	0	1	0	0	1	4	3	0	0	1	21	11	1	0	0	11	12	0	0	0	1	2	0	1137	8791	2	10000	12	7.5	-13.475
0	0	1	0	0	0	0	2	2	0	0	1	16	14	0	0	2	8	8	1	0	0	1	0	0	1258	8685	1	10000	12	7.5	-13.925
0	1	0	1	0	0	1	2	3	0	0	0	15	10	0	0	0	7	4	0	0	0	1	2	0	1434	8518	1	10000	12	7.5	-14.375
0	0	0	0	0	0	0	1	2	0	0	0	7	13	0	0	1	7	7	1	0	0	0	2	0	1679	8280	0	10000	12	7.5	-14.825
0	0	1	1	0	0	0	1	2	0	0	0	8	8	1	0	4	5	7	0	0	0	2	0	0	1943	8017	0	10000	12	7.5	-15.275
0	0	0	0	0	0	1	1	1	1	1	2	4	9	1	0	0	4	8	0	0	0	0	1	0	2295	7670	1	10000	12	7.5	-15.725
0	0	0	0	0	0	1	1	3	0	0	0	5	3	0	0	0	4	2	0	0	0	1	1	0	2582	7397	0	10000	12	7.5	-16.175
0	0	0	0	0	0	0	3	2	1	0	0	6	5	0	0	0	1	3	1	0	1	1	1	0	3033	6940	2	10000	12	7.5	-16.625
0	0	0	0	0	0	1	0	1	0	0	0	3	6	0	0	1	2	0	1	0	0	0	0	0	3503	6481	1	10000	12	7.5	-17.075
0	0	0	0	0	0	0	2	1	0	0	0	5	4	1	0	0	0	0	0	0	0	1	2	0	3972	6012	0	10000	12	7.5	-17.525
0	0	0	0	0	0	1	0	2	0	0	0	3	1	0	0	0	2	1	0	0	0	0	1	0	4657	5332	0	10000	12	7.5	-17.975
0	0	0	0	0	0	0	0	0	0	0	1	4	4	0	0	0	3	3	0	0	0	0	1	0	5404	4580	0	10000	12	7.5	-18.425
0	0	0	0	0	0	0	0	0	0	0	1	4	3	0	0	0	1	2	0	0	0	0	0	0	6147	3841	1	10000	12	7.5	-18.875
0	0	0	0	0	0	0	0	0	0	0	0	1	3	1	0	0	0	1	0	0	0	0	0	0	6972	3022	0	10000	12	7.5	-19.325
0	0	0	0	0	0	0	0	0	0	0	0	2	3	0	0	0	1	0	0	0	0	0	0	0	7669	2325	0	10000	12	7.5	-19.775
