100	
0	0	0	0	0	0	0	0	0	0	0	0	10000	0	0	0	0	0	0	0	0	0	0	0	0	0	0	0	10000	0	0	24.775
0	0	0	0	0	0	0	0	0	0	0	0	10000	0	0	0	0	0	0	0	0	0	0	0	0	0	0	0	10000	0	0	24.325
0	0	0	0	0	0	0	0	0	0	0	0	10000	0	0	0	0	0	0	0	0	0	0	0	0	0	0	0	10000	0	0	23.875
0	0	0	0	0	0	0	0	0	0	0	0	10000	0	0	0	0	0	0	0	0	0	0	0	0	0	0	0	10000	0	0	23.425
0	0	0	0	0	0	0	0	0	0	0	0	10000	0	0	0	0	0	0	0	0	0	0	0	0	0	0	0	10000	0	0	22.975
0	0	0	0	0	0	0	0	0	0	0	0	10000	0	0	0	0	0	0	0	0	0	0	0	0	0	0	0	10000	0	0	22.525
0	0	0	0	0	0	0	0	0	0	0	0	10000	0	0	0	0	0	0	0	0	0	0	0	0	0	0	0	10000	0	0	22.075
0	0	0	0	0	0	0	0	0	0	0	0	10000	0	0	0	0	0	0	0	0	0	0	0	0	0	0	0	10000	0	0	21.625
0	0	0	0	0	0	0	0	0	0	0	0	10000	0	0	0	0	0	0	0	0	0	0	0	0	0	0	0	10000	0	0	21.175
0	0	0	0	0	0	0	2	0	0	0	0	9998	0	0	0	0	0	0	0	0	0	0	0	0	0	0	0	10000	0	0	20.725
0	1	0	0	0	0	2	4	3	0	0	5	9972	1	0	0	3	4	3	0	0	0	0	0	0	2	0	0	10000	0	0	20.275
0	0	0	0	0	1	2	10	3	0	1	10	9923	17	0	2	6	11	3	1	0	1	3	0	1	4	0	1	10000	0	0	19.825
0	0	4	0	1	1	4	22	9	3	2	17	9838	16	4	0	12	34	11	0	0	0	4	3	0	7	0	8	10000	0	0	19.375
0	0	6	1	0	3	25	42	10	2	2	33	9729	36	2	2	11	45	21	2	1	3	2	4	0	15	0	3	10000	0	0	18.925
2	5	3	1	0	1	36	67	35	2	2	63	9532	63	6	1	30	80	28	2	0	0	5	4	1	16	0	15	10000	0	0	18.475
0	3	6	8	1	4	49	122	35	8	11	97	9231	107	7	5	50	130	42	7	1	2	5	5	1	50	0	13	10000	0	0	18.025
1	11	12	7	3	5	66	171	60	6	10	125	8939	129	13	5	59	178	79	9	0	4	16	15	1	54	0	22	10000	0	0	17.575
0	8	23	7	1	7	74	201	93	5	8	180	8647	178	13	7	86	232	83	5	0	15	17	12	1	71	0	26	10000	0	0	17.125
2	9	25	9	3	10	119	283	105	18	12	231	8216	227	11	9	104	281	125	12	1	9	19	8	2	110	0	40	10000	0	0	16.675
3	11	33	16	3	7	109	314	120	13	13	260	8064	265	16	16	114	304	103	8	2	18	25	21	3	102	0	37	10000	0	0	16.225
3	16	45	27	1	11	131	379	147	17	17	320	7639	288	18	15	138	393	132	10	5	16	23	13	2	150	0	44	10000	0	0	15.775
5	19	33	20	5	15	155	442	141	16	19	366	7321	349	27	15	152	433	146	21	2	17	41	23	6	149	0	62	10000	0	0	15.325
2	20	41	31	0	15	151	450	141	14	30	400	7208	357	32	18	169	426	171	15	4	18	33	21	6	168	0	59	10000	0	0	14.875
7	22	35	25	1	24	199	486	167	20	29	384	6924	397	26	12	169	495	190	15	5	33	43	27	8	192	0	65	10000	0	0	14.425
2	29	35	32	3	18	175	519	175	20	32	457	6683	435	36	21	192	558	189	27	2	27	51	24	7	186	0	65	10000	0	0	13.975
2	22	34	26	6	27	194	551	209	25	24	454	6526	475	45	13	224	534	222	31	4	21	49	21	2	193	0	66	10000	0	0	13.525
3	26	53	23	6	28	202	581	208	21	29	492	6331	507	40	25	226	581	200	27	2	29	53	30	4	190	0	83	10000	0	0	13.075
2	27	56	35	6	19	214	607	209	29	44	511	6144	521	39	20	223	592	241	24	3	31	51	26	1	244	0	81	10000	0	0	12.625
4	22	57	34	6	32	214	651	215	26	39	498	6008	513	43	26	243	663	223	27	6	26	48	33	2	251	0	90	10000	0	0	12.175
4	33	50	37	7	33	211	675	261	36	33	522	5889	554	46	28	235	654	232	20	2	38	62	24	7	218	0	89	10000	0	0	11.725
5	33	60	27	8	22	234	704	231	18	34	563	5852	544	41	28	273	645	223	20	6	28	46	29	1	249	0	76	10000	0	0	11.275
5	31	67	33	8	24	202	653	249	31	43	547	5751	603	42	30	251	733	250	21	2	34	60	21	5	228	0	76	10000	0	0	10.825
4	34	60	32	8	31	233	646	252	29	43	578	5692	610	40	32	247	686	252	21	4	41	70	32	8	224	0	91	10000	0	0	10.375
6	28	73	37	6	30	253	709	280	22	50	591	5486	600	52	29	264	696	269	27	9	34	65	43	13	242	0	86	10000	0	0	9.925
2	29	63	43	10	28	250	676	251	26	33	622	5525	600	38	21	284	722	239	22	2	31	69	33	7	284	0	90	10000	0	0	9.475
2	32	53	31	3	25	271	757	282	19	57	615	5402	606	51	32	268	696	232	29	8	40	73	31	5	278	0	102	10000	0	0	9.025
13	39	55	40	8	32	243	740	284	21	43	630	5410	592	59	35	257	721	261	25	8	38	57	27	4	259	0	99	10000	0	0	8.575
7	29	68	37	2	27	248	690	280	27	53	622	5407	633	41	21	262	723	291	24	8	31	71	37	4	269	0	88	10000	0	0	8.125
4	30	63	43	6	27	275	704	256	21	45	620	5341	666	55	30	279	754	262	18	4	24	60	32	6	279	0	96	10000	0	0	7.675
4	23	47	34	9	29	251	762	276	28	45	592	5376	655	43	28	276	749	224	26	6	39	60	31	8	284	0	95	10000	0	0	7.225
5	25	69	41	7	35	266	761	323	24	33	629	5324	631	35	35	254	725	268	19	3	31	70	34	7	266	0	80	10000	0	0	6.775
4	36	68	36	7	22	251	732	268	21	45	654	5262	643	55	34	309	735	268	27	5	34	65	36	6	264	0	113	10000	0	0	6.325
6	32	53	33	8	29	278	727	269	39	44	639	5258	648	54	28	280	739	283	25	7	38	87	30	2	255	0	109	10000	0	0	5.875
6	29	79	39	9	25	284	734	262	39	47	646	5251	606	51	24	273	753	258	28	8	37	71	41	9	283	0	108	10000	0	0	5.425
9	30	65	30	5	37	274	785	303	29	45	633	5186	642	54	18	293	752	275	34	5	27	64	39	8	269	0	89	10000	0	0	4.975
3	53	65	44	5	27	292	754	264	31	46	671	5115	636	57	35	259	772	269	44	7	39	72	41	5	290	0	104	10000	0	0	4.525
8	49	63	42	5	22	289	729	252	24	48	611	5208	657	48	32	267	746	293	29	1	33	80	46	15	276	10	117	10000	0	0	4.075
6	46	61	50	3	29	273	745	297	28	44	610	5166	623	47	32	298	760	271	27	4	36	55	35	6	306	50	92	10000	0	0	3.625
9	28	67	35	9	25	244	742	259	32	48	584	5189	670	44	36	287	718	278	26	2	33	60	34	7	274	153	107	10000	0	0	3.175
4	20	73	27	7	31	260	757	285	36	52	608	4931	597	44	34	267	733	294	28	11	43	62	37	2	291	359	107	10000	0	0	2.725
5	33	50	39	6	20	227	735	245	36	40	626	4731	598	42	27	261	720	270	30	6	32	69	31	9	294	717	101	10000	0	0	2.275
3	28	61	40	3	27	236	716	265	15	37	602	4427	557	47	23	253	718	246	41	5	20	66	29	6	246	1189	94	10000	0	0	1.825
3	25	67	20	5	30	219	633	243	25	34	564	4118	521	44	15	253	653	227	17	5	27	61	29	7	271	1796	88	10000	0	0	1.375
1	40	46	38	3	22	174	601	205	22	42	519	3664	507	30	22	207	582	209	21	3	28	65	31	3	202	2638	75	10000	0	0	0.925
3	27	43	17	2	17	180	541	192	28	38	444	3141	410	33	13	187	535	196	14	5	31	38	39	6	219	3523	78	10000	0	0	0.475
1	17	36	20	4	18	181	525	170	21	20	376	2746	386	32	18	195	463	169	18	1	15	34	27	6	196	4242	63	10000	0	0	0.025
4	27	32	19	4	13	121	360	137	11	13	304	2275	367	23	17	132	434	149	16	6	22	42	21	1	164	5220	66	10000	0	0	-0.425
2	21	31	11	4	16	125	369	142	7	20	316	2006	282	19	20	137	369	123	11	3	20	33	17	6	134	5710	46	10000	0	0	-0.875
3	14	21	18	1	12	109	292	135	14	20	250	1676	257	22	15	102	312	104	9	0	20	32	25	2	115	6376	44	10000	0	0	-1.325
7	10	21	14	5	9	84	259	85	20	18	235	1500	248	16	12	104	258	87	9	1	17	22	18	4	124	6782	31	10000	0	0	-1.775
4	13	18	16	0	7	67	244	83	3	8	196	1294	211	13	11	74	257	85	6	4	8	19	6	4	116	7201	32	10000	0	0	-2.225
1	11	19	7	1	9	61	188	79	9	15	166	1073	189	6	7	69	218	76	14	0	11	21	13	1	121	7596	19	10000	0	0	-2.675
2	4	18	5	0	6	48	173	67	7	12	138	971	137	7	5	66	168	64	9	2	13	13	6	0	117	7928	14	10000	0	0	-3.125
3	6	19	6	3	6	39	147	43	6	13	137	789	124	6	5	50	143	56	3	2	6	13	8	1	124	8222	20	10000	0	0	-3.575
2	13	4	4	0	8	43	132	55	3	7	106	681	110	9	5	54	127	47	4	2	8	16	10	2	98	8428	22	10000	0	0	-4.025
2	4	15	8	1	7	28	113	38	2	8	107	628	109	11	3	36	116	49	4	0	2	6	4	0	103	8568	28	10000	0	0	-4.475
1	4	7	11	1	0	36	98	45	5	10	102	497	100	3	4	28	77	36	6	1	5	10	4	1	97	8793	18	10000	0	0	-4.925
0	7	10	3	3	5	22	93	29	2	5	90	436	75	4	6	30	85	31	4	1	2	11	3	0	113	8921	9	10000	0	0	-5.375
0	7	11	5	1	3	28	87	38	4	7	68	383	63	4	1	36	76	30	1	0	1	6	6	0	137	8983	14	10000	0	0	-5.825
1	4	3	5	2	2	23	67	24	0	9	67	318	65	4	1	35	73	21	1	1	1	6	4	0	125	9130	8	10000	0	0	-6.275
1	2	5	1	1	3	13	63	21	3	3	47	270	51	2	0	24	65	19	1	0	3	5	1	1	151	9232	12	10000	0	0	-6.725
0	0	4	2	0	3	19	51	19	2	1	26	230	43	5	4	17	46	16	2	1	1	7	5	0	184	9305	7	10000	0	0	-7.175
1	1	2	3	1	0	19	52	24	2	2	32	202	42	4	2	16	40	17	2	0	2	7	3	1	204	9307	12	10000	0	0	-7.625
0	2	2	5	1	1	10	46	16	2	0	25	206	37	1	2	18	47	20	3	1	1	2	2	0	240	9304	6	10000	0	0	-8.075
0	2	1	3	0	3	11	32	8	1	2	27	159	32	0	1	10	38	13	2	0	0	1	0	0	243	9405	6	10000	0	0	-8.525
0	1	1	1	0	0	5	38	16	4	0	19	127	29	1	0	9	21	10	2	0	2	3	3	0	271	9436	1	10000	0	0	-8.975
0	0	1	3	0	0	7	25	10	0	0	20	96	12	1	1	12	18	6	0	0	1	2	1	0	303	9479	2	10000	0	0	-9.425
0	1	1	0	1	1	7	15	8	2	0	11	91	26	1	1	12	34	8	1	0	1	1	2	2	359	9408	6	10000	0	0	-9.875
0	2	0	1	0	0	6	23	10	1	1	17	99	19	2	0	5	16	9	1	0	0	2	2	0	444	9336	4	10000	0	0	-10.325
0	1	0	0	2	0	8	17	3	2	1	11	68	16	0	1	7	18	8	0	0	1	0	1	0	476	9357	2	10000	0	0	-10.775
0	0	2	0	0	0	4	19	8	0	1	12	60	12	3	0	7	16	6	2	0	0	1	0	0	582	9265	0	10000	0	0	-11.225
0	1	0	1	0	0	7	15	3	1	0	11	54	6	1	0	3	9	5	1	0	1	0	0	0	630	9250	1	10000	0	0	-11.675
0	0	0	1	0	0	3	13	7	0	0	9	40	17	0	0	4	8	5	0	0	0	3	0	0	769	9118	3	10000	0	0	-12.125
0	0	1	0	0	1	3	4	3	0	0	9	31	16	2	0	3	13	5	0	0	0	1	2	0	844	9060	2	10000	0	0	-12.575
0	0	0	2	0	0	3	8	3	1	0	4	34	7	1	0	3	10	3	1	0	1	1	0	0	969	8947	2	10000	0	0	-13.025
0	0	0	1	0	0	1	4	6	0	1	5	20	5	0	0	1	1	10	1	0	0	0	0	0	1105	8839	0	10000	0	0	-13.475
0	0	3	0	0	0	1	5	1	0	0	0	29	9	0	1	1	4	1	0	0	1	0	0	0	1324	8620	0	10000	0	0	-13.925
0	0	1	0	0	0	2	4	4	0	0	6	17	2	0	0	2	3	3	1	0	0	1	0	0	1452	8501	1	10000	0	0	-14.375
0	1	0	1	0	0	2	3	2	0	0	4	16	3	0	0	0	6	5	0	0	0	0	0	0	1718	8239	0	10000	0	0	-14.825
0	0	0	0	0	1	1	3	2	0	0	4	18	5	0	0	0	7	2	0	0	0	0	0	0	1949	8008	0	10000	0	0	-15.275
0	0	1	1	0	0	0	1	3	0	0	5	11	1	0	0	1	7	3	0	0	0	0	1	0	2219	7745	1	10000	0	0	-15.725
0	0	0	0	0	0	0	2	1	0	0	3	12	4	1	0	0	4	1	0	0	0	1	1	0	2650	7320	0	10000	0	0	-16.175
0	0	0	0	0	0	0	5	2	1	0	6	12	3	1	0	1	0	0	0	0	1	1	0	0	2986	6981	0	10000	0	0	-16.625
0	0	0	1	0	0	1	4	0	0	0	1	12	3	0	0	1	0	1	0	0	0	0	0	0	3395	6580	1	10000	0	0	-17.075
0	0	0	0	0	0	0	1	1	0	0	2	5	4	0	0	0	1	1	0	0	0	0	0	0	3962	6023	0	10000	0	0	-17.525
0	0	0	0	0	0	0	1	1	0	0	0	4	2	0	0	0	2	1	0	0	0	0	0	0	4604	5385	0	10000	0	0	-17.975
0	0	0	1	0	0	0	1	1	0	0	0	7	1	0	0	0	2	0	0	0	0	0	0	0	5302	4685	0	10000	0	0	-18.425
0	0	0	0	0	0	0	0	0	0	0	1	4	0	0	0	0	1	0	0	0	0	0	0	0	6293	3701	0	10000	0	0	-18.875
0	0	0	0	0	0	1	0	0	0	0	0	0	2	0	0	0	2	0	0	0	0	0	0	0	6940	3055	0	10000	0	0	-19.325
0	0	0	0	0	0	0	0	0	0	0	1	3	0	0	0	0	1	0	0	0	0	0	0	0	7670	2325	0	10000	0	0	-19.775
