100	
0	0	0	0	0	0	0	0	0	0	0	0	10000	0	0	0	0	0	0	0	0	0	0	0	0	0	0	0	10000	3.5	0.5	24.775
0	0	0	0	0	0	0	0	0	0	0	0	10000	0	0	0	0	0	0	0	0	0	0	0	0	0	0	0	10000	3.5	0.5	24.325
0	0	0	0	0	0	0	0	0	0	0	0	10000	0	0	0	0	0	0	0	0	0	0	0	0	0	0	0	10000	3.5	0.5	23.875
0	0	0	0	0	0	0	0	0	0	0	0	10000	0	0	0	0	0	0	0	0	0	0	0	0	0	0	0	10000	3.5	0.5	23.425
0	0	0	0	0	0	1	1	0	0	0	0	9996	0	0	0	0	0	0	1	0	0	0	1	0	0	0	0	10000	3.5	0.5	22.975
0	0	1	0	0	1	0	4	3	0	0	1	9971	10	0	0	0	3	6	0	0	0	0	0	0	0	0	0	10000	3.5	0.5	22.525
0	0	3	1	0	0	0	10	5	0	1	8	9921	20	0	0	1	14	7	0	0	0	1	0	0	5	0	3	10000	3.5	0.5	22.075
0	4	2	2	1	0	2	21	10	2	0	9	9861	29	2	0	5	26	6	2	0	2	3	2	0	7	0	2	10000	3.5	0.5	21.625
0	0	5	4	0	1	3	27	20	1	1	12	9769	50	4	0	13	44	19	2	0	3	4	2	0	13	0	3	10000	3.5	0.5	21.175
0	2	6	1	2	2	10	50	36	1	4	20	9658	75	9	1	9	49	22	1	0	2	5	4	0	23	0	8	10000	3.5	0.5	20.725
2	2	11	2	2	0	18	85	51	6	5	35	9434	115	15	2	21	90	43	4	1	4	7	7	3	25	0	10	10000	3.5	0.5	20.275
0	3	8	7	1	1	22	108	54	11	5	51	9221	150	10	5	42	131	74	6	3	6	14	8	1	41	0	17	10000	3.5	0.5	19.825
0	10	14	5	2	5	46	131	86	10	3	94	8944	215	19	4	45	154	86	10	0	7	10	10	1	69	0	20	10000	3.5	0.5	19.375
1	7	20	11	2	2	39	180	98	10	11	103	8697	277	13	4	50	214	109	11	2	6	19	12	4	71	0	27	10000	3.5	0.5	18.925
2	10	16	9	1	7	62	233	123	13	9	121	8397	317	28	11	56	255	134	15	1	11	25	19	3	91	0	31	10000	3.5	0.5	18.475
1	9	27	16	4	6	72	276	153	20	21	133	8162	331	28	6	82	270	162	12	1	11	25	17	4	114	0	37	10000	3.5	0.5	18.025
2	8	33	23	5	8	77	308	174	21	14	158	7928	413	28	3	89	311	163	13	2	18	31	23	3	104	0	40	10000	3.5	0.5	17.575
2	11	29	13	1	12	82	340	168	31	15	180	7616	454	35	12	113	382	196	24	1	15	46	22	3	142	0	55	10000	3.5	0.5	17.125
3	15	33	16	1	13	90	369	157	19	16	238	7419	516	23	10	117	450	189	17	3	16	43	21	6	152	0	48	10000	3.5	0.5	16.675
0	9	29	24	5	14	99	411	202	20	17	251	7125	559	44	16	125	505	213	25	2	18	50	23	6	163	0	45	10000	3.5	0.5	16.225
0	18	30	29	5	9	123	443	214	19	16	248	6938	593	38	8	135	504	249	27	2	26	54	24	8	180	0	60	10000	3.5	0.5	15.775
1	22	37	24	6	10	137	476	227	24	24	307	6614	661	64	15	132	540	266	22	3	15	52	26	6	212	0	77	10000	3.5	0.5	15.325
3	24	56	23	5	10	117	494	220	20	20	316	6493	720	44	14	176	552	273	37	1	32	49	43	3	193	0	62	10000	3.5	0.5	14.875
5	21	40	33	10	22	141	496	273	34	28	329	6408	660	50	14	159	553	280	30	5	31	43	36	3	211	0	85	10000	3.5	0.5	14.425
5	21	57	27	3	15	127	549	267	29	33	321	6241	725	50	8	169	632	284	34	5	25	48	32	2	214	0	77	10000	3.5	0.5	13.975
5	19	49	34	8	18	157	586	300	22	28	356	6030	721	58	18	174	661	301	22	3	21	69	37	4	225	0	74	10000	3.5	0.5	13.525
4	25	51	35	4	16	180	621	323	31	20	340	5809	804	55	15	187	658	308	38	0	31	68	36	5	234	0	102	10000	3.5	0.5	13.075
6	22	52	33	5	17	159	587	310	34	29	364	5799	853	50	12	184	646	332	29	3	32	65	46	7	236	0	88	10000	3.5	0.5	12.625
4	25	53	32	6	17	188	644	287	35	25	386	5679	813	66	20	176	660	325	42	5	38	66	45	7	253	0	103	10000	3.5	0.5	12.175
4	27	67	39	9	23	144	614	319	40	22	414	5582	853	55	16	182	712	338	39	3	30	71	42	3	260	0	92	10000	3.5	0.5	11.725
2	22	63	49	7	21	177	655	310	37	37	424	5417	821	77	15	194	754	386	32	3	25	75	51	5	247	0	94	10000	3.5	0.5	11.275
6	21	85	44	4	22	182	641	318	40	29	397	5437	862	79	17	198	745	329	33	8	38	73	40	16	251	0	85	10000	3.5	0.5	10.825
7	24	60	33	8	14	214	647	332	33	24	419	5412	878	52	22	202	754	327	47	6	28	68	44	3	251	0	91	10000	3.5	0.5	10.375
6	30	67	53	5	23	165	711	321	32	33	383	5378	840	45	23	227	784	322	35	3	18	58	54	10	276	0	98	10000	3.5	0.5	9.925
6	28	53	52	7	18	170	699	334	32	22	399	5347	903	60	23	178	765	349	42	5	30	67	31	10	271	0	99	10000	3.5	0.5	9.475
6	29	65	41	4	14	193	701	336	36	28	447	5181	908	72	24	204	761	351	39	7	38	56	43	8	318	0	90	10000	3.5	0.5	9.025
6	27	73	36	8	17	199	724	344	46	39	446	5137	867	100	27	219	749	379	36	3	27	67	55	6	264	0	99	10000	3.5	0.5	8.575
2	39	52	44	9	25	203	703	339	43	32	420	5137	943	68	22	212	808	341	38	6	38	59	38	5	269	0	105	10000	3.5	0.5	8.125
1	33	66	44	6	16	184	702	365	42	40	452	5089	932	72	12	215	821	353	34	2	32	77	37	6	265	0	102	10000	3.5	0.5	7.675
3	33	61	29	8	22	195	760	337	44	36	454	5035	903	74	19	209	815	350	41	6	30	75	46	14	281	0	120	10000	3.5	0.5	7.225
6	35	69	44	11	20	199	721	335	47	33	431	5027	925	70	20	236	829	371	43	6	32	77	39	7	279	0	88	10000	3.5	0.5	6.775
7	32	70	30	2	22	198	797	356	44	35	425	5009	951	75	22	224	757	364	37	3	39	74	34	7	278	0	108	10000	3.5	0.5	6.325
2	36	71	58	13	14	197	715	378	38	31	458	5052	944	55	25	223	768	353	39	2	37	56	52	9	276	0	98	10000	3.5	0.5	5.875
3	37	62	42	12	20	202	703	314	45	31	461	5081	941	58	22	196	819	375	38	7	30	69	45	7	275	0	105	10000	3.5	0.5	5.425
2	36	70	32	5	31	218	699	327	38	24	442	5100	902	76	27	218	788	389	44	7	20	73	38	6	296	0	92	10000	3.5	0.5	4.975
8	34	58	46	4	23	199	742	370	33	32	484	4935	930	57	17	229	816	382	47	9	36	48	51	10	295	2	103	10000	3.5	0.5	4.525
6	32	68	57	8	18	199	725	376	44	31	462	4871	940	67	21	223	853	352	38	8	30	73	50	11	312	11	114	10000	3.5	0.5	4.075
5	34	60	44	11	26	213	726	345	44	26	457	4898	924	69	20	218	827	427	34	5	28	74	40	8	268	52	117	10000	3.5	0.5	3.625
5	29	54	51	3	21	203	746	363	31	27	435	4874	895	65	16	229	821	355	47	2	33	81	54	9	284	162	105	10000	3.5	0.5	3.175
2	32	57	34	4	20	193	754	340	42	28	418	4707	948	69	24	210	799	331	44	10	22	77	40	5	264	410	116	10000	3.5	0.5	2.725
7	28	57	46	5	14	210	668	357	40	35	431	4595	878	66	24	196	732	298	38	4	25	61	52	8	280	730	115	10000	3.5	0.5	2.275
4	30	49	37	10	16	184	658	302	38	42	409	4256	876	69	26	172	746	341	31	6	30	71	41	5	240	1222	89	10000	3.5	0.5	1.825
1	26	56	30	4	18	196	612	292	29	36	397	3919	759	51	12	167	697	310	32	4	33	55	36	5	221	1907	95	10000	3.5	0.5	1.375
2	23	51	32	4	11	157	558	305	31	29	333	3483	740	42	25	164	624	274	40	4	23	66	28	11	220	2640	80	10000	3.5	0.5	0.925
3	26	46	26	7	18	147	458	225	18	21	319	3116	656	40	17	144	570	271	18	3	21	60	33	13	198	3464	62	10000	3.5	0.5	0.475
2	13	35	22	3	11	115	460	222	25	22	294	2672	562	36	12	139	509	227	28	2	20	36	23	5	178	4268	59	10000	3.5	0.5	0.025
2	20	34	21	4	8	105	354	195	21	13	223	2255	463	32	11	122	420	185	21	4	17	43	16	5	140	5215	51	10000	3.5	0.5	-0.425
4	18	33	16	3	8	104	325	164	24	15	208	1948	408	27	7	116	348	141	25	1	19	34	24	6	145	5779	50	10000	3.5	0.5	-0.875
1	10	20	17	3	10	92	293	152	12	11	165	1599	378	39	13	82	346	144	14	0	16	21	16	2	138	6369	37	10000	3.5	0.5	-1.325
1	12	19	15	5	8	59	263	142	19	12	163	1410	329	23	11	105	249	122	17	2	5	22	17	1	113	6825	31	10000	3.5	0.5	-1.775
1	5	17	11	2	8	57	203	108	9	9	140	1203	273	22	4	56	251	109	15	1	9	14	16	1	133	7290	33	10000	3.5	0.5	-2.225
4	10	16	15	2	5	58	199	108	13	10	118	1054	242	17	10	68	183	99	18	1	5	25	14	2	96	7575	33	10000	3.5	0.5	-2.675
1	7	19	9	0	3	43	162	79	3	8	113	942	216	11	5	49	198	104	8	0	5	15	11	2	96	7869	22	10000	3.5	0.5	-3.125
0	6	17	13	1	7	39	160	71	7	13	94	761	164	15	5	41	147	76	10	1	7	12	12	1	102	8192	26	10000	3.5	0.5	-3.575
0	2	9	10	2	2	42	131	68	4	6	60	677	149	12	9	43	143	60	8	0	3	11	6	0	115	8410	18	10000	3.5	0.5	-4.025
0	5	13	8	2	3	29	102	63	8	5	81	578	158	9	7	35	125	55	4	2	3	7	2	1	104	8572	19	10000	3.5	0.5	-4.475
1	4	9	7	0	0	31	99	58	10	2	49	505	128	10	5	30	106	49	12	2	3	9	3	2	124	8726	16	10000	3.5	0.5	-4.925
0	5	10	5	0	4	19	81	46	6	5	57	422	93	6	3	27	101	41	7	0	3	5	6	0	127	8908	13	10000	3.5	0.5	-5.375
0	0	8	4	2	1	29	64	32	8	3	50	372	102	4	2	28	78	28	5	0	4	5	2	0	131	9025	13	10000	3.5	0.5	-5.825
0	5	2	2	1	0	26	57	25	8	4	46	315	94	5	2	20	75	28	3	0	1	7	3	0	139	9122	10	10000	3.5	0.5	-6.275
0	4	5	2	1	3	21	46	30	5	3	28	299	63	7	1	21	58	33	3	0	3	7	3	0	156	9190	8	10000	3.5	0.5	-6.725
0	0	5	1	2	0	13	56	26	1	2	29	251	73	4	0	19	55	28	3	0	2	2	3	1	195	9226	3	10000	3.5	0.5	-7.175
2	3	6	2	1	3	8	35	24	2	0	26	197	49	4	1	14	46	22	1	0	1	3	2	1	201	9338	8	10000	3.5	0.5	-7.625
0	3	2	1	0	1	8	31	18	5	0	31	197	56	0	3	10	41	17	2	0	2	3	1	0	217	9348	3	10000	3.5	0.5	-8.075
0	4	3	1	1	0	6	36	13	3	1	22	148	41	1	0	10	40	15	4	1	1	3	3	0	220	9421	2	10000	3.5	0.5	-8.525
1	1	1	1	0	0	5	22	23	1	0	24	117	44	1	2	11	42	12	1	0	0	0	1	1	285	9400	4	10000	3.5	0.5	-8.975
0	1	0	1	2	1	5	22	12	2	1	8	92	21	1	0	8	29	9	2	1	3	3	3	1	324	9443	5	10000	3.5	0.5	-9.425
0	1	3	3	0	0	5	18	14	3	3	16	90	26	2	1	7	30	12	0	0	0	2	2	0	331	9429	2	10000	3.5	0.5	-9.875
0	1	3	3	0	0	8	16	13	0	2	13	79	18	1	1	4	20	9	2	0	1	2	3	0	418	9381	2	10000	3.5	0.5	-10.325
0	3	1	0	1	0	5	15	8	1	1	7	63	22	1	1	3	17	8	1	0	0	0	0	0	481	9360	1	10000	3.5	0.5	-10.775
0	0	0	0	0	1	2	11	13	0	2	13	58	14	1	1	4	15	2	2	0	2	1	0	0	585	9271	2	10000	3.5	0.5	-11.225
0	0	2	0	0	0	3	16	3	0	0	13	67	18	1	0	1	10	6	0	0	1	0	1	0	589	9268	1	10000	3.5	0.5	-11.675
0	1	1	1	0	0	3	8	8	2	0	8	47	9	0	0	4	14	5	1	0	0	0	2	0	717	9169	0	10000	3.5	0.5	-12.125
0	0	0	1	0	0	4	6	2	0	2	3	33	6	1	0	2	13	4	0	0	0	1	0	0	842	9079	1	10000	3.5	0.5	-12.575
0	0	0	0	0	0	2	7	6	0	0	2	37	6	1	0	2	8	5	1	0	0	1	0	0	953	8968	1	10000	3.5	0.5	-13.025
0	0	1	0	0	0	1	9	1	0	0	5	35	12	0	0	2	9	2	0	0	0	0	0	0	1110	8809	4	10000	3.5	0.5	-13.475
0	1	3	1	0	0	2	4	0	1	1	3	23	12	2	0	3	7	3	0	0	0	1	0	0	1350	8580	3	10000	3.5	0.5	-13.925
0	0	0	1	0	0	4	5	4	0	0	6	29	1	0	0	2	3	0	0	1	0	0	0	0	1481	8462	1	10000	3.5	0.5	-14.375
0	1	0	1	0	0	1	6	3	0	0	0	15	1	0	1	1	6	0	1	0	1	1	0	0	1691	8270	0	10000	3.5	0.5	-14.825
0	0	0	0	0	0	0	2	2	0	0	2	15	5	1	0	1	2	4	0	0	0	0	0	0	1997	7968	1	10000	3.5	0.5	-15.275
0	0	0	0	0	0	1	2	2	0	0	1	9	1	0	0	1	7	1	0	0	0	1	0	0	2254	7720	0	10000	3.5	0.5	-15.725
0	0	0	0	0	0	1	4	1	0	0	2	7	5	2	0	0	5	0	0	0	0	0	0	0	2582	7391	0	10000	3.5	0.5	-16.175
0	0	1	1	0	0	0	4	4	0	0	3	12	1	0	0	0	4	1	0	0	0	0	0	0	3050	6919	0	10000	3.5	0.5	-16.625
0	0	0	0	0	0	1	1	0	0	0	0	9	4	0	0	0	1	1	0	0	0	0	0	0	3538	6443	2	10000	3.5	0.5	-17.075
0	0	0	0	0	0	0	0	3	0	0	0	10	1	0	0	1	1	0	0	0	0	0	0	0	4041	5943	0	10000	3.5	0.5	-17.525
0	0	0	0	0	0	0	1	2	0	0	0	4	3	0	0	0	2	0	0	0	1	0	0	0	4583	5404	0	10000	3.5	0.5	-17.975
0	0	0	0	0	0	1	0	1	0	0	0	5	2	0	0	0	1	0	0	0	0	0	1	0	5372	4617	0	10000	3.5	0.5	-18.425
0	0	0	0	0	0	2	0	0	0	1	0	5	2	0	0	0	0	1	0	0	0	0	0	0	6229	3760	0	10000	3.5	0.5	-18.875
0	0	0	0	0	0	0	0	0	0	0	0	3	0	1	0	0	1	0	1	0	0	0	0	0	7080	2913	1	10000	3.5	0.5	-19.325
0	0	0	0	0	0	0	0	0	0	0	0	2	1	0	0	0	0	1	0	0	0	0	0	1	7668	2327	0	10000	3.5	0.5	-19.775
