100	
4	14	33	27	1	8	124	313	194	29	33	310	4331	1058	67	28	274	1680	668	76	3	56	118	94	17	331	0	109	10000	5.5	8.5	24.775
1	13	26	13	5	17	102	323	206	31	28	358	4439	1014	66	20	291	1602	648	66	5	57	126	85	11	341	0	106	10000	5.5	8.5	24.325
4	16	27	25	5	7	89	332	210	31	29	303	4393	1001	71	16	281	1697	683	65	6	49	114	95	13	334	0	104	10000	5.5	8.5	23.875
4	13	27	26	4	11	103	300	217	40	26	318	4330	1026	79	23	289	1738	654	63	9	41	131	92	11	334	0	91	10000	5.5	8.5	23.425
1	13	37	25	3	11	100	318	199	33	27	318	4317	1027	75	23	286	1707	690	62	4	58	134	100	17	315	0	100	10000	5.5	8.5	22.975
3	17	43	24	6	12	92	282	186	35	18	365	4361	1023	66	19	266	1708	677	62	4	44	134	87	11	356	0	99	10000	5.5	8.5	22.525
3	23	29	28	11	8	102	298	212	25	27	339	4290	1019	75	17	296	1700	670	76	11	50	161	113	18	305	0	94	10000	5.5	8.5	22.075
3	18	34	22	6	14	108	319	227	30	30	339	4170	1043	91	18	294	1702	693	66	5	65	118	93	9	358	0	125	10000	5.5	8.5	21.625
2	18	38	17	5	12	87	300	201	29	26	349	4378	1027	60	17	270	1661	676	65	2	55	141	111	13	345	0	95	10000	5.5	8.5	21.175
0	20	26	22	10	16	108	302	224	43	27	328	4339	993	89	17	272	1664	701	75	9	44	132	91	9	328	0	111	10000	5.5	8.5	20.725
2	7	38	23	5	9	123	310	228	41	23	344	4344	993	72	30	255	1709	667	70	6	53	143	86	10	316	0	93	10000	5.5	8.5	20.275
3	14	33	25	2	10	101	283	231	31	20	309	4255	1003	84	36	293	1763	698	69	10	42	126	115	17	339	0	88	10000	5.5	8.5	19.825
2	7	29	27	11	11	100	333	211	27	27	382	4283	982	80	28	280	1675	695	64	8	46	122	88	13	349	0	120	10000	5.5	8.5	19.375
4	5	24	32	4	19	107	354	226	31	27	352	4184	1023	70	29	283	1754	698	70	7	51	123	79	14	320	0	110	10000	5.5	8.5	18.925
2	14	36	22	7	11	91	344	228	21	26	356	4191	1029	73	24	326	1679	730	44	4	49	152	83	19	340	0	99	10000	5.5	8.5	18.475
7	15	38	20	5	11	110	318	231	35	33	336	4190	1025	86	28	297	1712	707	70	3	54	140	101	16	309	0	103	10000	5.5	8.5	18.025
7	13	33	29	3	10	95	322	219	31	44	400	4163	1066	68	20	289	1649	718	55	5	46	151	84	14	352	0	114	10000	5.5	8.5	17.575
2	14	26	27	6	12	122	356	225	31	25	367	4025	1090	77	25	289	1728	694	70	7	63	141	105	24	334	0	115	10000	5.5	8.5	17.125
5	12	30	23	5	5	110	332	222	35	20	330	4119	1068	86	31	301	1688	745	64	6	54	142	95	13	346	0	113	10000	5.5	8.5	16.675
1	11	29	32	5	9	125	360	213	32	27	406	4050	1072	88	20	307	1747	674	61	12	64	145	89	14	317	0	90	10000	5.5	8.5	16.225
3	12	27	27	5	11	114	318	215	40	19	365	4100	1084	71	26	282	1735	733	66	7	44	140	96	18	352	0	90	10000	5.5	8.5	15.775
3	10	26	21	3	14	103	319	222	31	29	339	4029	1052	86	31	335	1824	676	65	5	52	149	118	13	358	0	87	10000	5.5	8.5	15.325
1	18	33	23	9	26	106	360	226	34	28	379	3970	1040	66	32	345	1785	694	56	7	49	131	100	18	361	0	103	10000	5.5	8.5	14.875
4	15	33	32	5	15	123	322	259	32	23	358	3898	1076	80	30	315	1751	742	74	8	47	165	107	14	365	0	107	10000	5.5	8.5	14.425
4	15	50	31	7	16	134	323	244	31	32	374	3914	1102	79	23	347	1716	740	68	5	45	140	84	12	364	0	100	10000	5.5	8.5	13.975
2	15	25	20	8	17	110	374	261	32	33	358	3866	1056	64	27	297	1826	745	67	5	52	147	92	18	370	0	113	10000	5.5	8.5	13.525
3	14	31	25	6	9	135	337	248	38	25	397	3874	1088	82	20	279	1730	741	86	7	44	138	103	19	389	0	132	10000	5.5	8.5	13.075
2	13	35	31	9	20	127	360	251	28	41	386	3788	1047	64	25	330	1860	729	65	5	49	145	93	17	338	0	142	10000	5.5	8.5	12.625
6	18	32	25	5	16	104	347	248	38	35	395	3814	1082	94	30	324	1837	729	67	5	31	148	92	11	350	0	117	10000	5.5	8.5	12.175
0	8	30	28	4	9	128	363	237	33	39	396	3883	1042	84	23	301	1802	739	81	4	56	123	91	13	366	0	117	10000	5.5	8.5	11.725
1	9	27	31	8	12	123	368	251	31	26	381	3764	1104	84	34	310	1778	743	60	4	59	166	95	17	389	0	125	10000	5.5	8.5	11.275
1	16	46	24	4	9	115	406	240	35	40	377	3786	1148	82	26	306	1734	719	52	4	75	145	99	15	380	0	116	10000	5.5	8.5	10.825
1	10	40	22	7	18	129	422	250	27	26	383	3702	1084	83	31	320	1811	769	83	4	58	154	100	14	351	0	101	10000	5.5	8.5	10.375
2	15	29	17	7	16	133	384	230	31	36	401	3647	1191	88	26	317	1836	726	78	7	52	162	104	14	343	0	108	10000	5.5	8.5	9.925
2	19	36	15	6	10	141	363	240	38	30	387	3808	1040	91	26	316	1785	747	74	5	58	152	97	13	391	0	110	10000	5.5	8.5	9.475
4	22	28	23	7	6	140	347	258	31	26	407	3728	1083	102	27	318	1806	736	57	13	45	163	105	17	368	0	133	10000	5.5	8.5	9.025
0	10	21	27	11	14	111	408	259	38	27	384	3718	1114	83	24	313	1845	741	61	6	55	154	91	18	353	0	114	10000	5.5	8.5	8.575
3	19	44	32	8	11	121	352	219	38	25	343	3717	1119	87	29	331	1836	738	72	10	57	166	112	13	385	0	113	10000	5.5	8.5	8.125
6	17	31	27	3	17	124	368	269	31	32	397	3620	1173	95	22	272	1809	802	80	9	58	151	91	19	361	0	116	10000	5.5	8.5	7.675
4	22	34	29	5	8	107	381	253	32	39	404	3607	1171	78	17	337	1814	759	72	11	60	168	110	12	355	0	111	10000	5.5	8.5	7.225
3	18	26	30	5	15	128	372	246	38	25	390	3687	1128	78	34	324	1855	729	58	4	42	158	105	16	358	0	128	10000	5.5	8.5	6.775
4	24	39	20	4	21	137	384	250	31	37	441	3676	1133	77	39	321	1787	713	69	5	62	170	97	19	331	0	109	10000	5.5	8.5	6.325
3	14	22	35	3	14	127	386	253	38	38	379	3652	1156	81	20	349	1810	732	76	5	53	152	99	21	354	0	128	10000	5.5	8.5	5.875
1	13	37	31	2	11	107	379	255	29	23	410	3629	1142	85	29	345	1793	777	67	9	66	154	97	17	370	0	122	10000	5.5	8.5	5.425
1	14	31	29	2	15	125	371	251	44	28	415	3580	1071	86	18	339	1853	802	65	4	55	148	139	19	372	0	123	10000	5.5	8.5	4.975
2	26	32	22	7	24	110	385	245	41	33	427	3680	1168	87	24	323	1771	735	66	8	48	155	100	13	363	0	105	10000	5.5	8.5	4.525
1	12	37	28	8	19	128	395	248	35	35	413	3517	1183	92	24	330	1825	786	80	5	56	133	117	11	366	12	104	10000	5.5	8.5	4.075
3	11	48	23	8	17	103	408	233	26	32	419	3651	1152	83	32	297	1827	705	67	10	49	143	114	8	367	52	112	10000	5.5	8.5	3.625
2	20	33	24	1	15	117	344	255	45	35	391	3563	1106	95	26	331	1806	744	72	5	45	162	89	16	359	185	114	10000	5.5	8.5	3.175
4	20	28	35	7	12	114	383	248	33	37	387	3500	1079	63	23	289	1752	735	85	8	62	155	86	21	355	354	125	10000	5.5	8.5	2.725
4	12	31	22	5	13	108	378	228	33	25	359	3341	1051	84	28	284	1702	690	61	7	51	146	98	13	358	756	112	10000	5.5	8.5	2.275
0	18	20	32	3	12	114	334	218	30	32	373	3070	1006	72	16	287	1620	673	68	5	43	141	96	18	333	1244	122	10000	5.5	8.5	1.825
4	10	34	22	6	10	99	317	232	30	31	309	2899	920	63	24	254	1500	598	49	11	58	120	75	8	305	1905	107	10000	5.5	8.5	1.375
2	18	35	23	3	13	95	273	158	32	27	318	2591	868	52	22	237	1314	600	63	6	34	114	85	9	301	2618	89	10000	5.5	8.5	0.925
0	16	14	17	2	9	83	261	155	32	19	264	2278	742	61	13	228	1224	519	47	8	41	78	72	12	249	3489	67	10000	5.5	8.5	0.475
4	6	30	17	4	8	68	182	146	21	12	262	2077	691	42	16	188	1018	431	48	2	33	81	55	14	233	4240	71	10000	5.5	8.5	0.025
2	7	16	11	4	9	54	189	112	16	11	186	1624	540	49	10	157	927	355	43	3	28	75	53	11	189	5264	55	10000	5.5	8.5	-0.425
1	8	22	10	4	9	51	190	93	17	9	163	1386	496	25	10	147	766	336	33	1	26	66	34	4	171	5867	55	10000	5.5	8.5	-0.875
1	5	18	6	4	4	42	142	90	12	5	175	1266	409	32	7	107	685	266	25	2	21	63	49	8	149	6369	38	10000	5.5	8.5	-1.325
0	3	9	9	3	4	64	136	81	15	14	134	1095	355	35	9	96	540	264	18	1	15	45	34	9	143	6839	30	10000	5.5	8.5	-1.775
2	1	6	8	1	4	40	108	78	13	9	112	911	315	23	9	86	497	244	17	2	10	43	28	1	157	7245	30	10000	5.5	8.5	-2.225
1	1	11	4	1	6	27	98	60	9	9	96	801	241	24	7	82	422	185	7	0	10	34	24	2	132	7674	32	10000	5.5	8.5	-2.675
0	4	7	4	0	1	35	78	50	9	6	106	706	255	14	7	59	369	179	12	1	17	26	19	4	117	7892	23	10000	5.5	8.5	-3.125
2	3	7	3	0	2	20	53	69	7	7	67	559	226	18	8	64	356	119	8	2	8	38	20	3	125	8179	27	10000	5.5	8.5	-3.575
0	1	7	3	2	1	15	67	35	6	3	65	497	204	14	8	45	284	122	10	0	10	17	10	2	124	8427	21	10000	5.5	8.5	-4.025
0	2	6	4	1	1	19	69	41	10	3	56	453	154	8	2	59	254	111	18	0	7	21	14	1	114	8558	14	10000	5.5	8.5	-4.475
1	1	4	5	1	3	15	51	33	7	3	43	394	126	14	5	36	189	82	15	2	6	13	14	1	113	8810	13	10000	5.5	8.5	-4.925
0	4	1	4	0	1	12	52	20	6	5	42	366	124	6	1	47	164	98	7	1	10	15	7	0	124	8864	19	10000	5.5	8.5	-5.375
0	1	3	0	0	2	7	35	24	5	3	41	280	72	9	3	34	152	81	8	0	2	8	4	2	137	9080	7	10000	5.5	8.5	-5.825
0	1	2	2	1	1	17	36	19	4	1	24	255	90	1	3	23	142	53	10	0	4	6	9	0	133	9153	10	10000	5.5	8.5	-6.275
0	2	4	2	0	0	6	25	12	5	3	29	215	74	3	4	17	128	56	7	2	3	11	6	1	145	9229	11	10000	5.5	8.5	-6.725
0	1	0	2	0	0	7	23	18	1	1	18	199	69	3	3	24	93	55	5	1	3	13	6	1	191	9253	10	10000	5.5	8.5	-7.175
0	0	3	3	0	0	10	25	14	2	3	25	142	74	5	1	15	101	48	6	1	5	3	7	1	208	9296	2	10000	5.5	8.5	-7.625
0	1	3	2	0	1	3	15	10	1	2	15	143	49	2	0	9	63	19	6	0	4	6	3	0	220	9418	5	10000	5.5	8.5	-8.075
0	0	2	4	0	0	3	15	12	5	2	22	104	55	6	0	7	73	25	4	0	3	4	4	1	210	9433	6	10000	5.5	8.5	-8.525
0	0	1	0	0	0	8	13	15	0	1	16	78	31	5	1	7	69	18	1	0	1	5	4	0	307	9413	6	10000	5.5	8.5	-8.975
0	0	1	2	0	0	5	10	10	2	0	10	86	29	5	1	8	44	26	1	0	2	6	7	0	277	9467	1	10000	5.5	8.5	-9.425
0	0	2	1	0	1	3	8	3	1	0	10	72	38	3	0	8	40	26	2	0	0	4	1	0	368	9408	1	10000	5.5	8.5	-9.875
0	0	1	0	0	0	2	9	5	0	0	6	48	27	1	0	4	28	16	2	0	0	5	3	0	411	9430	2	10000	5.5	8.5	-10.325
1	0	0	1	0	0	3	9	8	0	0	1	68	25	3	0	10	32	16	0	0	1	1	3	0	504	9311	3	10000	5.5	8.5	-10.775
0	0	0	3	0	0	0	8	5	1	1	3	58	23	2	0	6	36	19	2	0	0	2	0	0	549	9281	1	10000	5.5	8.5	-11.225
0	0	0	0	1	1	4	7	5	1	1	8	43	17	2	1	2	26	6	1	0	2	3	0	0	629	9239	1	10000	5.5	8.5	-11.675
0	0	0	0	0	0	1	4	3	0	0	6	36	16	4	1	4	20	13	0	0	3	2	0	0	727	9158	2	10000	5.5	8.5	-12.125
0	0	1	0	0	0	3	6	1	1	0	5	20	12	0	2	4	17	12	0	0	1	3	0	1	817	9094	0	10000	5.5	8.5	-12.575
0	0	0	1	0	0	0	6	4	0	1	4	25	15	0	0	1	18	6	2	0	0	2	2	0	954	8959	0	10000	5.5	8.5	-13.025
0	0	0	0	0	0	0	0	2	0	0	3	23	18	0	1	4	9	6	0	0	0	2	1	1	1079	8849	2	10000	5.5	8.5	-13.475
0	0	0	2	0	0	0	5	2	1	0	1	14	11	0	0	9	14	6	1	0	0	2	2	0	1312	8617	1	10000	5.5	8.5	-13.925
0	0	0	0	0	0	0	1	3	0	0	2	17	4	1	0	1	13	8	1	0	0	0	0	0	1559	8387	3	10000	5.5	8.5	-14.375
0	0	0	1	0	0	0	2	1	0	2	1	19	7	0	0	2	9	4	1	0	0	1	0	0	1672	8278	0	10000	5.5	8.5	-14.825
0	0	0	1	0	0	0	4	2	0	0	0	21	4	0	0	1	8	0	0	0	0	0	0	0	1972	7986	1	10000	5.5	8.5	-15.275
0	0	0	0	0	1	0	1	3	0	0	3	13	1	2	1	0	7	0	0	0	0	1	0	0	2334	7632	1	10000	5.5	8.5	-15.725
0	0	0	0	0	0	0	2	0	0	0	0	8	3	1	0	2	6	2	0	0	0	1	3	0	2589	7383	0	10000	5.5	8.5	-16.175
0	0	0	0	0	0	0	0	0	0	0	0	5	3	0	0	1	6	2	0	0	0	0	1	0	3011	6971	0	10000	5.5	8.5	-16.625
0	0	0	0	0	0	0	1	0	0	0	1	5	1	0	1	0	3	3	0	0	0	0	0	0	3504	6481	0	10000	5.5	8.5	-17.075
0	0	0	0	0	0	0	1	0	1	0	2	3	4	0	0	1	3	2	0	0	0	2	0	0	4034	5947	0	10000	5.5	8.5	-17.525
0	0	0	0	0	0	0	0	0	0	0	2	4	3	0	0	0	2	2	0	0	1	0	0	0	4517	5468	1	10000	5.5	8.5	-17.975
0	0	1	0	0	0	0	0	1	0	0	0	1	1	0	0	1	2	2	0	0	0	1	0	0	5401	4588	1	10000	5.5	8.5	-18.425
0	0	0	0	0	0	0	0	0	0	0	0	4	2	0	0	1	4	0	0	0	0	0	0	0	6130	3859	0	10000	5.5	8.5	-18.875
0	0	0	0	0	0	0	1	0	0	0	0	0	3	0	0	0	1	0	0	0	0	0	0	0	7000	2995	0	10000	5.5	8.5	-19.325
0	0	0	0	0	0	0	0	0	0	0	0	1	1	0	0	0	1	1	0	0	0	0	0	0	7660	2336	0	10000	5.5	8.5	-19.775
