100	
1	5	19	14	4	3	49	238	158	16	6	122	8049	531	37	4	58	297	150	25	0	11	27	23	9	110	0	34	10000	5.5	0.5	24.775
3	13	18	18	2	2	51	271	158	14	9	103	8127	459	39	3	58	259	161	21	1	6	22	25	2	113	0	42	10000	5.5	0.5	24.325
1	6	38	15	2	7	59	266	162	11	11	136	8070	463	37	7	74	257	161	19	1	8	28	18	7	98	0	38	10000	5.5	0.5	23.875
1	4	26	16	3	6	62	268	158	17	3	109	8040	506	27	4	73	281	171	31	3	9	24	20	4	98	0	36	10000	5.5	0.5	23.425
2	10	33	19	2	7	53	265	164	18	13	136	8041	451	34	9	56	317	151	21	1	13	25	17	8	98	0	36	10000	5.5	0.5	22.975
1	9	31	24	2	5	63	280	131	26	8	118	8045	485	35	6	65	267	167	24	2	9	19	19	6	115	0	38	10000	5.5	0.5	22.525
1	10	23	18	2	7	46	250	149	14	9	106	8154	458	29	6	58	268	167	17	0	9	33	17	5	102	0	42	10000	5.5	0.5	22.075
2	14	19	21	4	1	54	257	161	19	11	113	8005	509	30	10	59	283	185	24	1	11	30	18	3	113	0	43	10000	5.5	0.5	21.625
4	15	20	19	2	6	80	253	165	23	15	104	7934	503	29	2	67	322	191	21	1	12	26	25	2	112	0	47	10000	5.5	0.5	21.175
1	10	37	21	5	3	56	278	157	22	12	120	7860	533	45	6	55	329	170	29	3	7	31	34	8	130	0	38	10000	5.5	0.5	20.725
5	15	29	23	3	7	72	289	207	31	8	129	7703	568	42	8	63	343	194	22	5	10	27	23	5	137	0	32	10000	5.5	0.5	20.275
1	7	30	20	7	7	73	326	186	21	10	153	7536	572	47	7	94	378	221	27	4	13	33	20	3	162	0	42	10000	5.5	0.5	19.825
2	8	31	26	6	6	90	338	215	23	6	152	7358	645	39	7	103	380	235	27	4	6	43	29	4	159	0	58	10000	5.5	0.5	19.375
3	13	29	20	3	11	80	366	212	24	15	183	7217	658	55	8	94	426	236	33	1	17	33	23	7	170	0	63	10000	5.5	0.5	18.925
1	12	35	26	9	9	86	401	248	16	15	190	7015	718	52	13	97	483	244	23	4	10	38	24	9	158	0	64	10000	5.5	0.5	18.475
2	17	37	28	10	11	93	412	265	27	19	209	6842	741	40	11	131	484	263	32	3	26	27	39	5	174	0	52	10000	5.5	0.5	18.025
3	16	47	42	5	11	111	484	262	26	14	229	6633	753	58	13	100	479	296	26	3	17	46	44	4	199	0	79	10000	5.5	0.5	17.575
7	18	35	38	13	10	101	447	296	35	21	235	6517	802	61	11	117	544	299	36	3	17	42	32	7	185	0	71	10000	5.5	0.5	17.125
6	24	48	41	10	14	114	478	303	26	21	226	6318	875	49	12	130	561	310	34	3	29	43	33	11	217	0	64	10000	5.5	0.5	16.675
3	15	38	24	4	14	122	529	328	34	14	256	6136	869	77	15	136	592	329	52	6	15	50	48	3	226	0	65	10000	5.5	0.5	16.225
3	16	56	29	12	15	150	497	366	38	16	253	5914	967	82	15	142	593	340	37	2	17	53	33	5	248	0	101	10000	5.5	0.5	15.775
1	21	57	44	10	11	138	582	301	34	21	280	5890	929	67	12	151	622	347	41	2	20	51	40	7	244	0	77	10000	5.5	0.5	15.325
2	22	47	45	13	23	128	601	305	47	18	275	5781	958	58	11	131	658	369	41	4	19	42	46	9	262	0	85	10000	5.5	0.5	14.875
1	23	61	37	3	5	143	584	366	49	30	290	5612	1034	65	10	148	659	347	40	1	27	69	46	14	244	0	92	10000	5.5	0.5	14.425
1	25	50	44	7	11	143	581	360	34	20	331	5555	1023	56	24	153	678	400	43	4	19	51	45	7	246	0	89	10000	5.5	0.5	13.975
2	21	53	43	4	16	152	625	355	33	21	330	5397	1053	74	15	160	695	385	53	3	24	68	43	9	260	0	106	10000	5.5	0.5	13.525
2	17	54	49	5	12	166	655	352	44	21	299	5358	1051	73	12	161	713	391	47	6	26	58	41	10	279	0	98	10000	5.5	0.5	13.075
4	33	66	44	6	16	147	631	370	36	25	332	5425	997	75	21	164	706	367	41	2	16	65	47	8	268	0	88	10000	5.5	0.5	12.625
3	29	47	43	6	12	188	671	339	45	25	327	5289	1066	57	16	168	718	399	38	5	22	59	52	15	266	0	95	10000	5.5	0.5	12.175
1	14	60	44	7	15	177	641	386	41	27	350	5139	1109	85	12	184	719	407	48	6	25	77	32	8	279	0	107	10000	5.5	0.5	11.725
2	32	51	46	6	18	155	721	357	39	30	348	5064	1100	70	18	186	739	395	56	3	26	70	53	11	317	0	87	10000	5.5	0.5	11.275
3	28	61	38	8	18	158	703	395	39	24	349	5022	1113	74	12	192	771	414	46	6	21	61	53	13	288	0	90	10000	5.5	0.5	10.825
2	23	70	45	9	17	147	708	438	37	37	364	4895	1135	93	16	174	784	393	40	6	27	68	58	11	301	0	102	10000	5.5	0.5	10.375
1	24	67	39	7	18	177	772	420	38	26	347	4867	1123	80	12	172	779	407	40	3	23	66	47	10	323	0	112	10000	5.5	0.5	9.925
6	27	62	42	12	12	170	719	421	43	28	339	4921	1161	61	17	180	751	414	51	7	26	68	59	6	302	0	95	10000	5.5	0.5	9.475
5	36	55	40	4	23	165	693	395	47	23	370	4831	1208	93	17	175	793	402	59	2	37	69	45	7	306	0	100	10000	5.5	0.5	9.025
7	27	69	58	6	14	165	728	423	36	35	345	4771	1156	77	17	182	829	459	49	3	18	71	54	7	294	0	100	10000	5.5	0.5	8.575
3	21	48	50	10	7	182	716	406	47	22	355	4771	1197	87	15	184	813	467	50	5	24	68	44	14	300	0	94	10000	5.5	0.5	8.125
4	36	63	44	11	19	151	707	371	51	29	390	4784	1230	90	18	206	769	387	50	6	29	83	58	14	305	0	95	10000	5.5	0.5	7.675
4	31	72	51	10	14	186	677	430	45	30	351	4760	1142	89	17	187	831	412	52	5	39	61	53	4	321	0	126	10000	5.5	0.5	7.225
4	32	73	51	10	17	175	690	459	38	31	375	4775	1180	75	16	180	807	434	54	6	31	66	36	11	282	0	92	10000	5.5	0.5	6.775
5	30	61	41	9	15	179	718	412	47	31	369	4704	1184	89	16	208	784	433	49	0	18	69	57	12	325	0	135	10000	5.5	0.5	6.325
3	20	56	45	15	17	161	771	420	56	26	401	4689	1179	78	18	182	780	421	59	5	39	83	50	15	314	0	97	10000	5.5	0.5	5.875
8	24	67	55	14	11	162	740	396	46	20	366	4762	1197	79	19	160	811	443	43	1	22	69	56	11	312	0	106	10000	5.5	0.5	5.425
5	30	73	44	8	16	183	726	447	47	19	366	4715	1159	98	20	197	816	415	43	5	43	62	49	8	288	0	118	10000	5.5	0.5	4.975
8	23	55	48	8	14	179	744	408	47	31	396	4660	1205	79	21	199	807	422	59	5	27	68	50	7	311	0	119	10000	5.5	0.5	4.525
2	24	67	42	9	14	191	720	409	49	17	398	4747	1146	89	23	206	822	410	46	4	22	72	59	8	303	9	92	10000	5.5	0.5	4.075
2	24	70	55	4	18	199	706	409	42	32	391	4601	1206	73	20	182	823	443	44	7	25	80	57	13	327	41	106	10000	5.5	0.5	3.625
5	31	60	39	4	16	165	781	448	45	31	383	4592	1109	68	15	186	789	419	48	2	30	77	52	14	310	177	104	10000	5.5	0.5	3.175
0	22	52	39	8	14	164	730	369	49	17	356	4551	1161	69	14	200	743	406	34	8	24	68	53	4	310	424	111	10000	5.5	0.5	2.725
2	32	60	55	8	22	148	717	393	44	25	358	4285	1158	78	16	182	716	410	56	3	25	68	38	10	265	724	102	10000	5.5	0.5	2.275
1	15	62	51	7	10	153	665	401	46	21	365	4011	1061	75	23	170	712	379	43	8	27	63	51	9	275	1216	80	10000	5.5	0.5	1.825
4	25	62	42	5	20	166	637	350	41	21	313	3735	918	61	12	146	673	342	42	3	24	64	51	10	256	1906	71	10000	5.5	0.5	1.375
2	21	58	38	11	8	144	562	338	29	22	279	3333	886	70	13	143	635	345	47	3	24	62	43	6	256	2551	71	10000	5.5	0.5	0.925
3	17	62	30	5	12	130	499	307	27	22	285	2889	784	61	14	134	548	257	27	2	28	50	32	8	218	3461	88	10000	5.5	0.5	0.475
3	16	44	28	3	8	112	412	220	26	16	225	2536	676	45	11	113	478	250	31	1	16	39	27	6	187	4409	62	10000	5.5	0.5	0.025
2	18	37	20	5	11	98	351	218	26	26	210	2071	591	41	7	91	402	240	22	2	11	43	30	4	177	5194	52	10000	5.5	0.5	-0.425
3	16	33	22	6	9	71	317	171	23	10	181	1822	511	46	9	81	408	217	30	0	8	30	14	1	167	5744	50	10000	5.5	0.5	-0.875
2	12	29	15	1	5	75	277	136	28	13	177	1569	428	33	11	73	328	175	14	0	7	37	19	2	120	6379	35	10000	5.5	0.5	-1.325
0	9	24	26	4	5	51	266	156	15	13	117	1321	374	26	7	68	296	147	18	0	14	26	20	3	147	6806	41	10000	5.5	0.5	-1.775
2	8	18	11	4	8	63	242	105	15	6	103	1144	363	28	7	56	251	140	10	1	8	21	14	4	125	7212	31	10000	5.5	0.5	-2.225
1	8	18	12	0	1	60	199	113	17	8	115	997	304	19	2	43	203	96	12	2	9	15	11	5	116	7586	28	10000	5.5	0.5	-2.675
0	8	8	15	2	7	39	186	90	10	8	92	841	242	23	5	40	180	100	9	1	11	16	17	0	115	7912	23	10000	5.5	0.5	-3.125
0	2	15	10	1	0	23	129	85	7	5	63	763	189	9	1	40	154	77	8	2	6	8	10	2	116	8253	22	10000	5.5	0.5	-3.575
0	1	8	8	2	5	29	111	63	9	8	64	617	190	24	2	21	139	93	8	0	5	10	6	1	114	8445	17	10000	5.5	0.5	-4.025
2	5	5	6	4	1	31	92	74	6	6	70	535	173	17	1	35	104	69	6	0	3	12	7	5	108	8602	21	10000	5.5	0.5	-4.475
0	3	9	4	2	2	25	86	50	4	4	49	470	153	5	6	27	104	54	5	0	2	6	3	1	125	8784	17	10000	5.5	0.5	-4.925
1	5	6	6	1	2	24	76	48	3	4	43	411	118	6	1	26	87	56	5	1	2	7	4	2	120	8925	10	10000	5.5	0.5	-5.375
1	6	7	5	2	2	8	53	44	7	6	36	382	101	9	2	16	83	33	4	0	3	7	4	2	152	9010	15	10000	5.5	0.5	-5.825
0	1	9	4	1	2	18	62	33	4	4	41	310	104	10	3	23	59	35	5	0	2	5	8	1	149	9098	9	10000	5.5	0.5	-6.275
1	0	4	2	0	2	10	52	23	3	1	33	234	84	3	1	14	58	33	4	0	3	7	2	0	155	9265	6	10000	5.5	0.5	-6.725
1	2	2	2	1	3	10	50	28	4	0	28	232	83	3	1	9	72	30	3	1	1	7	2	1	188	9233	3	10000	5.5	0.5	-7.175
0	4	3	4	1	2	9	35	17	3	1	18	207	75	2	2	7	43	20	2	2	0	5	5	0	211	9315	7	10000	5.5	0.5	-7.625
0	1	4	3	0	0	6	29	16	2	3	21	173	69	5	2	10	42	22	3	0	3	4	2	0	223	9349	8	10000	5.5	0.5	-8.075
0	3	1	2	0	1	6	28	15	0	5	17	156	43	5	0	5	37	12	1	0	1	3	2	0	252	9403	2	10000	5.5	0.5	-8.525
1	1	2	2	0	1	4	33	22	2	2	19	109	51	2	0	7	36	15	1	0	0	1	1	0	283	9402	3	10000	5.5	0.5	-8.975
1	1	1	2	1	0	7	20	21	1	1	15	102	47	2	1	10	39	13	1	0	1	1	0	2	299	9409	2	10000	5.5	0.5	-9.425
0	0	5	3	0	0	2	18	14	2	0	10	81	32	1	0	4	26	11	1	0	1	2	2	0	361	9423	1	10000	5.5	0.5	-9.875
0	0	1	3	2	1	3	17	5	2	1	11	73	25	2	0	4	11	11	1	0	0	3	2	0	419	9399	4	10000	5.5	0.5	-10.325
0	1	2	0	0	0	0	16	6	2	0	11	66	30	1	0	3	16	10	3	0	1	2	0	0	463	9364	3	10000	5.5	0.5	-10.775
0	0	0	1	1	0	1	10	7	1	0	5	43	18	2	0	0	18	7	1	0	0	2	2	0	559	9322	0	10000	5.5	0.5	-11.225
0	0	1	2	0	0	2	12	3	1	0	10	48	22	1	0	3	17	6	3	1	0	2	0	0	641	9222	3	10000	5.5	0.5	-11.675
0	0	0	0	0	0	2	11	9	1	0	5	36	17	2	1	0	5	6	2	0	0	5	1	0	677	9219	1	10000	5.5	0.5	-12.125
0	1	1	2	0	0	3	12	6	2	0	3	47	16	1	0	0	9	3	0	0	3	0	2	0	850	9037	2	10000	5.5	0.5	-12.575
0	0	1	1	0	0	3	2	3	1	1	4	31	14	0	0	2	7	5	1	0	0	2	0	0	987	8935	0	10000	5.5	0.5	-13.025
0	0	0	0	0	0	1	6	2	0	0	4	23	10	2	0	5	15	5	1	0	1	1	0	0	1123	8800	1	10000	5.5	0.5	-13.475
0	0	1	1	1	0	1	9	7	0	0	1	30	13	1	0	2	2	6	0	0	0	0	0	0	1251	8671	3	10000	5.5	0.5	-13.925
0	0	0	0	0	0	3	1	5	0	0	2	19	7	0	0	0	8	0	1	0	0	1	1	0	1437	8514	1	10000	5.5	0.5	-14.375
0	0	1	0	0	1	0	4	2	0	0	3	20	8	1	0	0	5	2	0	0	0	0	1	0	1727	8224	1	10000	5.5	0.5	-14.825
0	0	2	1	0	0	1	6	4	0	0	3	9	1	0	0	0	1	3	0	0	0	1	1	0	2022	7944	1	10000	5.5	0.5	-15.275
0	0	0	0	0	0	0	3	5	1	0	2	14	9	0	0	0	7	3	0	0	0	0	0	0	2302	7653	1	10000	5.5	0.5	-15.725
0	0	2	0	0	0	0	1	2	0	0	1	11	5	0	1	0	5	3	0	0	0	0	0	0	2551	7418	0	10000	5.5	0.5	-16.175
0	0	0	0	0	0	1	3	1	0	0	3	10	4	0	0	1	5	0	0	0	0	0	0	0	2963	7009	0	10000	5.5	0.5	-16.625
0	0	0	0	0	0	0	3	1	0	0	2	12	2	1	0	0	2	1	0	0	0	1	0	0	3394	6580	1	10000	5.5	0.5	-17.075
0	0	0	0	0	0	1	3	1	0	0	0	5	6	0	0	0	2	1	0	0	0	0	0	0	4049	5932	0	10000	5.5	0.5	-17.525
0	0	0	0	0	0	0	0	2	0	0	0	10	5	0	0	0	0	0	0	0	0	0	1	0	4577	5405	0	10000	5.5	0.5	-17.975
0	0	0	0	0	0	1	2	0	0	0	1	3	1	0	0	1	3	2	1	0	0	0	0	0	5352	4633	0	10000	5.5	0.5	-18.425
0	0	0	0	0	0	0	2	1	0	0	0	4	2	0	0	1	1	1	0	0	0	1	0	0	6186	3801	0	10000	5.5	0.5	-18.875
0	0	0	0	0	0	0	0	0	0	0	1	3	1	0	0	0	1	0	0	0	0	1	0	0	6959	3034	0	10000	5.5	0.5	-19.325
0	0	0	0	0	0	0	0	0	0	0	0	2	0	0	0	0	0	0	0	0	0	0	0	0	7660	2338	0	10000	5.5	0.5	-19.775
