100	
2	13	36	22	8	7	61	263	207	33	14	233	2596	1414	92	23	256	2356	1307	113	6	49	204	151	26	419	0	89	10000	9.5	12.5	24.775
1	11	25	21	8	7	71	271	217	28	16	275	2483	1443	137	20	243	2327	1207	113	6	57	199	174	34	484	0	122	10000	9.5	12.5	24.325
2	7	29	21	6	7	80	254	225	38	18	315	2575	1386	115	16	288	2324	1143	108	3	53	224	163	28	432	0	140	10000	9.5	12.5	23.875
1	13	27	27	4	3	79	309	261	38	15	244	2535	1355	118	26	270	2339	1198	102	7	57	190	158	31	467	0	126	10000	9.5	12.5	23.425
3	15	16	21	5	7	69	261	229	39	22	279	2542	1377	111	20	271	2330	1266	92	3	53	201	173	28	463	0	104	10000	9.5	12.5	22.975
1	12	22	25	9	12	93	283	226	35	28	297	2550	1411	94	15	267	2335	1221	108	5	48	194	144	23	420	0	122	10000	9.5	12.5	22.525
0	10	23	32	6	7	73	286	249	38	8	285	2538	1422	115	19	235	2320	1202	104	9	44	201	148	22	479	0	125	10000	9.5	12.5	22.075
2	14	19	23	7	8	81	285	232	39	23	264	2501	1405	119	17	248	2245	1289	118	9	51	216	159	21	495	0	110	10000	9.5	12.5	21.625
0	13	29	12	7	6	90	303	225	42	19	230	2606	1378	101	24	258	2290	1238	111	9	56	185	169	18	457	0	124	10000	9.5	12.5	21.175
1	15	30	23	9	8	69	289	227	25	25	300	2534	1368	96	21	281	2379	1167	107	10	55	210	143	26	466	0	116	10000	9.5	12.5	20.725
1	6	19	33	2	15	89	259	225	35	17	273	2533	1413	116	17	231	2366	1236	103	3	47	188	158	22	471	0	122	10000	9.5	12.5	20.275
2	11	34	20	7	13	72	284	214	34	24	288	2487	1389	114	13	276	2335	1214	93	4	54	207	169	26	486	0	130	10000	9.5	12.5	19.825
3	15	27	27	3	10	85	248	239	35	16	291	2613	1366	108	25	266	2285	1191	100	5	50	224	152	27	455	0	134	10000	9.5	12.5	19.375
2	10	27	25	5	7	75	273	240	46	22	278	2530	1372	99	19	246	2309	1265	109	7	55	219	167	30	438	0	125	10000	9.5	12.5	18.925
0	6	30	23	10	8	103	277	225	34	23	313	2439	1358	116	21	274	2370	1203	107	7	62	204	158	28	461	0	140	10000	9.5	12.5	18.475
1	9	34	18	5	5	88	269	224	35	23	272	2475	1427	125	20	272	2315	1249	111	6	58	224	174	18	436	0	107	10000	9.5	12.5	18.025
0	9	21	21	9	12	75	296	203	37	28	301	2447	1419	119	15	287	2306	1265	111	2	75	194	184	24	421	0	119	10000	9.5	12.5	17.575
3	18	24	25	9	8	77	290	215	35	19	288	2572	1354	102	19	264	2334	1203	109	4	47	207	144	27	466	0	137	10000	9.5	12.5	17.125
1	14	25	15	8	10	85	265	215	51	19	287	2467	1407	123	13	335	2284	1208	99	6	49	208	166	27	490	0	123	10000	9.5	12.5	16.675
2	14	31	30	10	13	77	300	213	54	26	271	2489	1409	118	15	265	2254	1213	115	7	60	197	162	24	526	0	105	10000	9.5	12.5	16.225
1	15	23	28	6	5	76	277	220	37	17	308	2476	1334	101	24	275	2354	1290	95	9	52	200	168	21	465	0	123	10000	9.5	12.5	15.775
1	9	28	24	7	9	79	305	245	34	22	292	2473	1351	116	16	274	2292	1269	94	8	51	220	168	24	448	0	141	10000	9.5	12.5	15.325
2	10	30	21	3	15	80	264	230	59	23	272	2543	1370	99	20	301	2277	1201	105	3	57	210	160	25	480	0	140	10000	9.5	12.5	14.875
1	16	31	25	8	10	96	271	213	40	29	265	2489	1455	107	19	281	2258	1232	121	5	50	209	180	34	411	0	144	10000	9.5	12.5	14.425
1	15	31	20	2	4	83	323	224	35	36	284	2437	1367	115	23	265	2326	1221	110	5	68	239	175	24	453	0	114	10000	9.5	12.5	13.975
2	4	26	22	5	8	83	284	215	39	24	292	2486	1430	119	17	262	2350	1189	99	7	67	206	169	20	441	0	134	10000	9.5	12.5	13.525
2	11	19	17	1	9	83	257	226	37	24	322	2476	1406	115	28	295	2294	1284	112	3	52	218	142	23	417	0	127	10000	9.5	12.5	13.075
1	12	31	32	7	8	82	276	231	35	24	298	2538	1349	128	25	261	2312	1199	113	5	55	206	184	31	434	0	123	10000	9.5	12.5	12.625
2	9	23	15	4	15	88	268	230	43	22	270	2546	1390	122	19	256	2252	1250	93	7	64	209	173	31	483	0	116	10000	9.5	12.5	12.175
2	7	32	24	6	14	90	319	238	33	26	316	2518	1398	109	20	242	2234	1254	116	3	48	203	164	32	432	0	120	10000	9.5	12.5	11.725
2	14	27	21	4	13	66	274	218	43	8	322	2520	1399	105	27	281	2300	1208	111	8	56	216	136	26	469	0	126	10000	9.5	12.5	11.275
3	14	27	29	5	8	93	299	217	45	19	278	2529	1375	114	20	303	2251	1239	104	8	55	186	155	22	466	0	136	10000	9.5	12.5	10.825
1	14	30	23	6	6	86	313	226	42	22	273	2558	1357	106	17	250	2258	1279	92	4	56	203	197	19	457	0	105	10000	9.5	12.5	10.375
3	14	27	27	6	10	84	299	237	34	29	279	2422	1392	118	25	269	2272	1256	109	6	70	222	165	24	471	0	130	10000	9.5	12.5	9.925
4	5	32	28	5	11	78	287	221	39	24	286	2494	1350	91	19	298	2341	1282	100	8	53	184	143	27	468	0	122	10000	9.5	12.5	9.475
6	7	21	21	8	10	103	294	250	33	18	281	2444	1394	116	17	293	2307	1266	101	12	66	193	181	27	415	0	116	10000	9.5	12.5	9.025
1	8	29	20	2	11	83	287	223	35	25	272	2527	1428	102	16	235	2275	1237	101	8	65	201	176	44	459	0	130	10000	9.5	12.5	8.575
2	13	28	22	5	4	96	283	232	35	19	284	2471	1401	117	21	277	2284	1212	107	1	62	221	184	28	457	0	134	10000	9.5	12.5	8.125
2	16	23	27	5	13	88	296	244	41	23	336	2482	1360	111	24	256	2329	1171	95	2	57	214	172	24	462	0	127	10000	9.5	12.5	7.675
4	10	30	23	8	11	83	322	258	39	21	285	2474	1346	108	25	282	2230	1244	107	4	69	239	179	32	434	0	133	10000	9.5	12.5	7.225
2	9	31	22	7	13	81	288	224	40	15	292	2485	1382	108	23	299	2287	1223	115	4	45	218	148	35	472	0	132	10000	9.5	12.5	6.775
1	14	38	21	4	19	82	257	223	44	23	274	2492	1420	103	11	271	2299	1263	113	5	67	194	143	26	472	0	121	10000	9.5	12.5	6.325
3	8	22	22	8	7	77	284	249	45	18	299	2505	1358	125	25	274	2235	1270	106	8	52	202	166	22	488	0	122	10000	9.5	12.5	5.875
1	9	23	29	4	5	81	290	253	35	28	270	2477	1418	129	28	299	2219	1249	123	2	58	215	148	29	446	0	132	10000	9.5	12.5	5.425
0	16	29	28	10	13	91	300	268	36	14	258	2427	1407	115	14	268	2270	1294	116	6	71	219	161	27	436	0	106	10000	9.5	12.5	4.975
1	12	24	23	2	14	77	282	240	39	20	287	2457	1428	131	30	275	2212	1268	130	6	54	197	167	13	475	2	134	10000	9.5	12.5	4.525
3	9	24	23	7	12	91	285	234	43	17	266	2453	1386	102	18	276	2247	1231	118	6	62	225	193	23	502	15	129	10000	9.5	12.5	4.075
1	13	24	27	5	7	76	280	250	33	25	291	2495	1329	120	25	290	2290	1213	104	3	57	196	151	27	494	48	126	10000	9.5	12.5	3.625
3	17	21	16	5	6	82	269	233	41	19	268	2394	1384	83	23	262	2281	1266	121	4	44	202	178	20	455	179	124	10000	9.5	12.5	3.175
4	5	29	22	2	7	93	262	229	36	22	293	2426	1303	110	19	276	2110	1227	92	4	57	214	166	18	442	408	124	10000	9.5	12.5	2.725
1	9	29	22	4	14	75	291	225	43	20	269	2313	1310	117	23	235	2073	1125	100	9	49	194	162	19	448	715	106	10000	9.5	12.5	2.275
2	5	31	23	5	15	56	241	203	27	27	238	2047	1285	88	21	272	1988	1127	101	3	42	190	136	26	412	1270	119	10000	9.5	12.5	1.825
2	10	28	18	3	9	89	233	185	34	16	227	2007	1131	95	20	231	1826	1020	83	5	41	187	146	15	386	1857	96	10000	9.5	12.5	1.375
2	8	21	22	5	6	47	204	177	27	23	219	1740	1026	86	20	216	1730	895	100	5	46	164	139	25	369	2577	101	10000	9.5	12.5	0.925
1	6	12	17	2	7	56	175	152	24	16	200	1621	912	67	10	183	1427	829	81	2	31	160	115	22	312	3473	87	10000	9.5	12.5	0.475
1	9	11	13	6	6	46	177	126	20	12	168	1370	872	65	14	138	1309	704	74	5	30	99	111	11	279	4266	58	10000	9.5	12.5	0.025
1	5	8	16	3	1	40	144	125	12	10	126	1109	713	56	12	129	1038	586	53	8	31	111	77	8	227	5298	53	10000	9.5	12.5	-0.425
0	3	13	12	0	6	43	118	101	18	8	133	1043	584	47	13	124	948	522	50	3	23	88	54	11	231	5770	34	10000	9.5	12.5	-0.875
0	4	14	8	3	4	22	113	86	12	11	95	868	476	37	2	98	831	454	45	1	25	81	64	9	173	6411	53	10000	9.5	12.5	-1.325
0	1	9	12	4	3	25	104	85	16	5	92	768	432	43	4	81	698	364	29	1	19	61	60	14	159	6864	47	10000	9.5	12.5	-1.775
1	5	6	12	1	3	14	98	70	12	3	86	624	380	29	7	83	607	331	17	2	15	63	45	7	134	7310	35	10000	9.5	12.5	-2.225
0	0	7	5	3	2	13	59	64	6	2	79	593	335	24	7	53	510	291	25	0	10	47	42	9	153	7638	23	10000	9.5	12.5	-2.675
1	1	9	3	0	2	12	73	46	8	4	61	452	295	18	7	54	398	273	21	2	13	41	40	7	141	8002	16	10000	9.5	12.5	-3.125
0	3	3	5	1	1	11	56	52	5	4	58	440	235	24	4	43	403	223	18	0	12	29	31	7	128	8187	17	10000	9.5	12.5	-3.575
0	1	6	5	1	2	12	42	31	5	0	40	366	230	24	3	32	329	200	14	2	3	40	24	4	141	8433	10	10000	9.5	12.5	-4.025
0	0	3	2	2	1	9	30	30	5	5	37	307	233	14	1	41	302	148	13	0	6	26	27	3	106	8638	11	10000	9.5	12.5	-4.475
0	4	4	3	1	2	5	36	28	3	2	39	271	167	17	2	40	260	150	8	0	4	29	18	1	135	8761	10	10000	9.5	12.5	-4.925
1	1	5	6	0	2	11	31	27	3	1	12	207	154	16	4	33	230	141	11	2	6	19	17	4	145	8903	8	10000	9.5	12.5	-5.375
0	0	2	2	1	1	6	26	21	3	1	20	209	123	7	2	26	207	115	6	2	7	20	23	5	134	9019	12	10000	9.5	12.5	-5.825
0	0	3	3	0	0	9	31	12	3	1	17	186	112	6	2	23	209	92	9	1	6	16	11	6	167	9070	5	10000	9.5	12.5	-6.275
0	0	5	1	0	1	4	18	18	1	1	16	157	84	14	1	19	143	63	13	0	6	18	8	1	169	9226	13	10000	9.5	12.5	-6.725
0	0	2	2	0	1	3	8	15	1	2	8	111	85	7	2	19	101	77	5	0	3	9	12	2	158	9361	6	10000	9.5	12.5	-7.175
0	0	1	1	0	0	3	8	14	1	3	14	129	82	7	0	6	99	70	9	1	1	21	6	2	190	9326	6	10000	9.5	12.5	-7.625
0	0	2	2	0	1	4	18	13	4	1	12	96	61	5	2	9	69	51	5	1	0	10	7	1	211	9408	7	10000	9.5	12.5	-8.075
0	0	3	1	0	0	4	15	6	1	1	8	70	63	4	0	9	78	43	3	0	3	5	10	2	263	9403	5	10000	9.5	12.5	-8.525
0	0	1	0	0	0	3	10	6	3	1	14	65	29	3	0	10	89	36	3	0	0	9	7	0	306	9400	5	10000	9.5	12.5	-8.975
0	0	1	1	0	0	3	2	6	2	1	8	51	41	3	1	12	73	28	6	0	4	5	2	0	355	9391	4	10000	9.5	12.5	-9.425
0	0	0	1	0	1	4	7	4	0	1	9	61	36	1	0	5	46	38	3	1	1	8	3	0	382	9387	1	10000	9.5	12.5	-9.875
0	0	1	1	0	0	1	5	5	0	0	5	48	38	1	0	2	30	25	6	0	7	6	5	0	402	9411	1	10000	9.5	12.5	-10.325
0	1	0	0	0	0	4	8	6	1	0	5	47	23	2	0	3	35	36	2	1	1	2	3	2	502	9316	0	10000	9.5	12.5	-10.775
0	1	0	0	0	0	1	5	8	0	0	5	34	24	1	1	3	32	25	1	0	0	3	2	0	571	9280	3	10000	9.5	12.5	-11.225
0	0	0	1	0	0	2	4	5	0	0	1	39	25	1	0	3	27	16	1	0	1	2	5	0	679	9186	2	10000	9.5	12.5	-11.675
0	1	0	0	0	0	1	3	1	2	1	5	32	14	1	1	4	23	17	1	0	0	1	1	0	702	9189	0	10000	9.5	12.5	-12.125
0	0	1	1	0	0	0	2	1	2	1	2	20	7	1	0	7	25	11	2	0	0	5	1	2	807	9100	2	10000	9.5	12.5	-12.575
0	0	2	0	0	0	1	2	2	0	0	1	11	13	0	0	3	18	12	0	0	0	2	1	0	985	8946	1	10000	9.5	12.5	-13.025
0	0	0	0	0	0	1	3	4	0	0	1	15	12	0	0	7	13	15	1	0	0	2	0	0	1118	8806	2	10000	9.5	12.5	-13.475
0	1	0	0	0	0	0	0	1	0	0	1	11	8	2	0	5	5	8	1	0	0	2	2	0	1263	8689	1	10000	9.5	12.5	-13.925
0	0	0	0	0	0	0	2	1	0	0	2	10	10	1	0	1	16	7	0	0	0	1	2	0	1477	8468	2	10000	9.5	12.5	-14.375
0	0	0	0	0	0	1	1	0	0	1	0	12	9	0	0	1	8	8	0	0	0	0	1	0	1665	8293	0	10000	9.5	12.5	-14.825
0	0	0	0	0	0	2	2	3	0	0	1	10	2	3	0	0	8	4	1	0	0	0	0	0	1986	7978	0	10000	9.5	12.5	-15.275
0	0	0	0	0	1	0	0	1	0	1	1	3	7	1	0	1	7	3	0	0	0	2	0	0	2253	7719	0	10000	9.5	12.5	-15.725
0	0	0	0	0	0	1	0	1	0	0	1	6	2	0	0	0	3	4	0	0	0	2	1	0	2645	7334	0	10000	9.5	12.5	-16.175
0	0	0	0	0	0	0	1	0	0	0	2	4	4	0	1	0	10	3	2	0	0	1	0	0	2983	6988	1	10000	9.5	12.5	-16.625
0	0	0	0	0	0	1	0	0	0	0	1	1	4	0	0	0	2	3	0	0	0	0	0	0	3501	6487	0	10000	9.5	12.5	-17.075
0	0	0	0	0	0	0	0	0	0	0	0	4	3	0	0	0	2	2	1	0	0	0	0	0	4045	5943	0	10000	9.5	12.5	-17.525
0	0	0	0	0	0	0	0	2	0	0	1	3	2	0	0	1	3	3	2	0	0	0	0	0	4669	5314	0	10000	9.5	12.5	-17.975
0	0	0	0	0	0	0	0	0	0	0	0	0	0	1	0	0	3	0	0	0	0	2	0	0	5333	4661	0	10000	9.5	12.5	-18.425
0	0	0	0	0	0	0	0	0	0	0	1	0	2	1	0	0	2	0	1	0	1	1	1	0	6228	3762	0	10000	9.5	12.5	-18.875
0	0	0	0	0	0	0	0	1	0	0	0	1	1	0	0	0	2	1	0	0	0	0	1	0	6898	3095	0	10000	9.5	12.5	-19.325
0	0	0	0	0	0	0	1	0	0	0	0	0	1	0	0	0	0	2	0	0	0	0	0	0	7669	2327	0	10000	9.5	12.5	-19.775
