100	
1	14	35	20	2	12	75	324	239	35	27	277	5329	1039	68	24	225	1106	535	52	4	36	88	62	12	274	0	85	10000	6	6	24.775
1	13	33	29	5	10	77	351	219	37	23	268	5370	925	65	10	200	1158	561	70	3	38	98	73	13	269	0	81	10000	6	6	24.325
3	14	35	28	3	13	87	306	216	30	19	232	5359	1025	61	17	202	1178	538	50	8	40	106	75	13	262	0	80	10000	6	6	23.875
2	9	27	21	10	10	104	313	243	24	13	262	5251	1023	71	15	190	1187	551	61	4	39	99	92	16	278	0	85	10000	6	6	23.425
2	11	31	31	4	12	87	333	209	37	23	269	5284	930	61	12	205	1228	581	67	4	40	97	75	13	273	0	81	10000	6	6	22.975
1	17	31	23	5	10	72	334	238	32	17	299	5307	977	60	19	201	1194	550	47	8	32	115	77	10	237	0	87	10000	6	6	22.525
1	16	31	25	3	6	94	309	226	31	27	269	5345	967	61	15	196	1169	569	54	8	30	93	82	14	271	0	88	10000	6	6	22.075
2	16	36	24	2	11	87	337	246	36	32	275	5213	964	71	14	207	1166	595	66	5	42	111	64	12	263	0	103	10000	6	6	21.625
2	17	32	23	5	11	95	311	227	30	21	282	5275	1008	63	16	234	1157	547	47	3	30	98	76	15	290	0	85	10000	6	6	21.175
2	17	31	27	8	7	92	356	246	45	15	283	5190	980	73	23	234	1174	521	58	3	37	112	86	4	289	0	87	10000	6	6	20.725
2	21	44	21	12	9	84	369	239	39	18	280	5212	950	84	12	202	1185	592	46	4	42	99	60	8	269	0	97	10000	6	6	20.275
1	11	30	29	4	6	89	352	241	33	13	270	5227	1027	70	17	211	1161	560	57	8	31	112	84	9	267	0	80	10000	6	6	19.825
0	15	34	14	6	10	110	368	266	36	33	302	5053	1034	88	14	225	1150	554	55	2	48	113	65	8	307	0	90	10000	6	6	19.375
1	17	37	21	5	9	98	383	236	39	16	266	4961	1070	75	18	238	1252	617	62	6	37	91	72	11	286	0	76	10000	6	6	18.925
4	14	26	28	4	4	113	367	231	29	25	294	4991	1013	80	21	223	1258	611	58	6	37	92	74	13	294	0	90	10000	6	6	18.475
2	17	35	32	7	9	107	364	255	31	22	307	4939	1036	69	16	201	1269	578	59	9	45	132	82	12	278	0	87	10000	6	6	18.025
3	22	36	31	7	18	116	356	263	29	23	310	4848	1041	80	22	227	1232	607	69	7	35	98	73	10	325	0	112	10000	6	6	17.575
2	14	27	25	5	10	117	366	241	32	29	306	4836	1073	84	15	236	1271	615	75	2	39	99	74	11	294	0	102	10000	6	6	17.125
0	9	40	31	7	9	104	406	274	31	25	324	4765	1057	78	18	235	1302	592	66	5	34	122	61	13	296	0	96	10000	6	6	16.675
2	22	27	22	5	11	85	338	262	31	25	328	4769	1113	81	27	251	1304	634	59	10	31	85	73	13	304	0	88	10000	6	6	16.225
2	14	40	26	3	12	106	390	267	35	30	295	4725	1041	74	20	242	1317	633	66	5	33	116	78	13	313	0	104	10000	6	6	15.775
3	19	38	23	3	12	110	438	264	23	27	325	4571	1112	80	18	266	1386	569	52	3	41	107	79	8	324	0	99	10000	6	6	15.325
3	12	36	34	8	13	112	378	270	42	28	341	4483	1111	97	20	245	1414	640	61	10	39	100	80	12	299	0	112	10000	6	6	14.875
3	20	31	29	5	11	125	385	263	23	25	342	4527	1162	98	15	277	1314	615	60	6	35	95	77	10	333	0	114	10000	6	6	14.425
1	21	32	27	2	19	135	384	248	31	22	362	4483	1108	84	18	244	1401	661	58	1	35	106	72	14	339	0	92	10000	6	6	13.975
4	15	41	33	7	17	136	437	277	39	25	372	4341	1120	90	24	228	1395	629	62	7	50	114	90	17	332	0	98	10000	6	6	13.525
0	18	37	31	9	14	129	398	291	34	26	356	4365	1154	86	24	256	1369	673	66	5	43	114	80	17	307	0	98	10000	6	6	13.075
3	16	29	35	14	7	143	404	270	34	28	353	4364	1174	92	20	277	1350	626	59	5	51	124	75	8	326	0	113	10000	6	6	12.625
1	15	41	36	7	15	100	439	281	40	36	355	4306	1133	93	26	261	1399	643	57	4	53	118	84	21	331	0	105	10000	6	6	12.175
0	16	44	31	4	9	131	436	298	48	34	326	4310	1181	92	28	257	1368	665	63	5	38	121	99	23	290	0	83	10000	6	6	11.725
3	16	38	23	5	16	137	449	286	37	28	387	4157	1201	98	28	262	1399	635	65	3	55	126	85	13	331	0	117	10000	6	6	11.275
4	18	41	37	10	15	133	434	287	34	28	365	4198	1174	86	25	255	1392	667	61	4	55	110	82	11	336	0	138	10000	6	6	10.825
2	19	40	35	7	10	120	422	280	29	31	365	4254	1171	82	26	245	1401	639	70	8	44	119	77	20	369	0	115	10000	6	6	10.375
1	10	42	37	4	11	141	452	285	43	22	342	4258	1136	82	30	282	1391	653	64	4	32	130	76	27	340	0	105	10000	6	6	9.925
3	20	47	30	4	5	126	445	322	35	32	371	4147	1221	94	24	269	1384	626	61	5	49	122	89	8	346	0	115	10000	6	6	9.475
1	17	47	35	3	17	130	449	310	41	28	344	4112	1207	85	27	275	1408	686	70	2	28	139	83	11	332	0	113	10000	6	6	9.025
6	20	23	40	4	14	134	463	270	44	32	388	4139	1153	84	20	253	1419	679	70	4	42	149	90	15	334	0	111	10000	6	6	8.575
6	19	33	40	2	9	157	426	319	37	26	378	4105	1150	92	15	277	1432	684	69	4	51	112	93	15	336	0	113	10000	6	6	8.125
0	20	39	36	10	7	122	439	303	46	27	381	4086	1174	96	18	282	1436	657	65	6	41	134	84	12	355	0	124	10000	6	6	7.675
4	16	39	24	9	13	119	447	290	34	25	410	4108	1211	90	30	291	1397	643	59	9	52	132	86	7	353	0	102	10000	6	6	7.225
5	26	48	35	7	12	140	486	271	43	24	375	4096	1202	71	22	265	1365	676	76	9	48	125	88	15	350	0	120	10000	6	6	6.775
2	12	36	32	8	18	135	466	313	41	29	358	4021	1215	88	15	290	1433	645	63	2	40	158	89	10	381	0	100	10000	6	6	6.325
1	21	42	26	7	17	130	448	301	46	29	391	4089	1198	93	21	297	1387	652	66	7	37	117	93	16	354	0	114	10000	6	6	5.875
1	21	39	34	4	15	144	477	329	44	23	368	4082	1152	88	18	314	1366	678	71	4	48	130	91	13	343	0	103	10000	6	6	5.425
5	24	39	25	3	14	155	483	320	48	32	361	4060	1169	101	23	285	1468	593	70	7	48	123	81	22	322	0	119	10000	6	6	4.975
4	23	46	31	7	15	131	463	310	46	31	369	3991	1195	100	19	278	1478	651	68	4	55	143	85	12	340	0	105	10000	6	6	4.525
1	31	46	29	5	5	129	477	272	38	33	380	4000	1224	76	16	315	1429	690	83	6	49	111	90	17	328	12	108	10000	6	6	4.075
1	13	41	32	8	12	132	464	320	40	29	404	3950	1204	99	19	260	1430	681	60	3	55	121	75	9	358	61	119	10000	6	6	3.625
4	19	37	36	10	18	138	454	311	38	25	383	3807	1241	98	32	257	1422	669	63	4	62	121	69	11	353	209	109	10000	6	6	3.175
3	15	36	43	8	11	127	466	240	27	27	401	3774	1188	95	24	269	1437	669	61	7	38	118	90	14	345	366	101	10000	6	6	2.725
2	25	44	26	5	11	119	427	301	35	32	340	3648	1165	79	20	252	1342	683	62	5	43	126	69	11	315	703	110	10000	6	6	2.275
7	13	22	29	6	12	132	411	253	26	20	354	3462	1090	76	17	251	1199	640	59	6	25	111	82	7	299	1298	93	10000	6	6	1.825
1	22	32	30	6	16	111	395	233	36	25	323	3169	967	65	16	237	1211	541	55	3	39	103	71	8	297	1888	100	10000	6	6	1.375
1	19	25	28	11	10	98	349	212	25	19	265	2877	870	77	23	210	1124	476	49	5	46	102	59	11	274	2640	95	10000	6	6	0.925
0	10	24	28	9	18	90	303	191	21	13	248	2573	800	54	17	179	941	428	41	5	34	75	57	9	233	3528	71	10000	6	6	0.475
0	10	29	21	3	4	88	261	189	25	23	251	2184	705	63	16	156	779	386	44	4	22	81	54	7	205	4327	63	10000	6	6	0.025
0	15	20	10	4	13	75	233	146	25	11	198	1852	566	39	13	152	684	328	37	3	18	73	48	12	185	5188	52	10000	6	6	-0.425
4	5	9	13	2	7	59	216	134	16	12	167	1535	523	34	7	122	573	287	29	2	20	62	42	7	168	5897	48	10000	6	6	-0.875
4	8	15	19	4	4	66	189	133	11	13	132	1344	445	38	12	112	548	267	27	4	23	56	39	6	155	6280	46	10000	6	6	-1.325
1	7	14	10	2	8	45	167	110	9	3	108	1227	431	38	8	103	437	211	19	2	14	52	30	7	135	6759	43	10000	6	6	-1.775
0	11	15	8	2	6	37	124	99	10	3	99	1020	316	30	11	85	382	189	23	1	15	34	28	5	119	7294	34	10000	6	6	-2.225
1	0	7	3	2	6	28	109	82	10	5	98	856	309	20	9	64	301	162	15	0	11	32	14	4	131	7691	30	10000	6	6	-2.675
0	9	9	9	2	0	22	85	70	7	6	71	786	248	24	4	67	311	128	13	3	13	31	22	2	116	7919	23	10000	6	6	-3.125
0	4	8	7	2	2	26	107	60	7	9	65	621	238	14	7	49	261	140	16	3	13	18	13	3	112	8179	16	10000	6	6	-3.575
0	2	9	3	1	1	22	90	48	5	6	64	558	200	14	1	44	230	98	14	0	5	17	14	1	103	8433	17	10000	6	6	-4.025
0	5	2	1	1	1	14	67	37	4	12	48	473	163	8	7	24	199	90	8	2	6	20	4	3	119	8667	15	10000	6	6	-4.475
0	0	3	7	0	2	9	57	45	5	4	38	430	148	10	2	29	135	90	9	0	9	13	13	1	136	8793	12	10000	6	6	-4.925
0	2	4	3	0	4	15	57	26	4	4	38	349	138	9	3	38	158	73	9	0	4	13	11	2	121	8907	8	10000	6	6	-5.375
0	3	4	2	1	3	8	46	27	2	3	26	303	103	9	1	31	113	75	6	0	2	14	9	2	108	9086	13	10000	6	6	-5.825
1	1	3	4	1	0	10	35	26	3	0	32	273	95	10	2	25	131	57	6	1	4	12	4	2	129	9124	9	10000	6	6	-6.275
0	2	3	2	0	1	11	35	17	3	1	23	218	74	6	1	23	84	47	9	0	1	6	2	0	154	9267	10	10000	6	6	-6.725
0	0	7	7	0	0	11	19	17	3	2	21	192	71	5	0	19	77	39	7	2	2	4	4	1	188	9300	2	10000	6	6	-7.175
1	2	3	1	1	0	9	34	22	1	4	16	179	70	5	2	18	69	34	3	0	2	5	8	0	195	9315	1	10000	6	6	-7.625
0	1	1	2	2	0	7	24	12	0	1	18	141	49	7	1	12	55	32	3	0	0	3	5	0	226	9397	1	10000	6	6	-8.075
0	0	1	2	1	1	3	21	15	1	0	19	126	48	2	1	11	64	29	3	0	6	6	2	2	245	9386	5	10000	6	6	-8.525
0	0	2	0	0	0	3	26	14	2	0	13	102	45	0	0	17	47	23	2	0	3	6	5	1	287	9399	3	10000	6	6	-8.975
0	1	1	1	0	0	5	14	9	2	1	7	83	36	6	2	6	39	20	2	0	0	4	2	0	329	9428	2	10000	6	6	-9.425
0	0	1	1	2	0	4	13	9	0	2	11	74	23	4	1	6	28	19	3	0	0	3	2	0	353	9435	6	10000	6	6	-9.875
0	2	1	1	0	1	6	10	7	0	2	4	50	40	3	2	6	38	26	2	0	0	2	0	0	388	9409	0	10000	6	6	-10.325
0	1	0	0	0	1	3	12	6	2	2	11	67	20	1	0	6	33	12	0	0	1	2	1	0	464	9351	4	10000	6	6	-10.775
0	0	1	2	0	0	2	10	2	1	0	10	56	21	2	1	4	22	17	0	0	2	1	1	1	543	9295	6	10000	6	6	-11.225
1	0	3	0	0	0	3	6	3	0	1	8	38	14	2	1	5	19	9	0	0	1	2	1	0	624	9257	2	10000	6	6	-11.675
0	0	2	1	0	0	3	6	3	0	0	8	29	13	0	0	6	13	6	1	0	0	0	0	0	759	9150	0	10000	6	6	-12.125
0	1	0	0	0	0	1	5	3	1	1	1	36	16	0	0	3	14	7	0	0	0	2	2	0	849	9057	1	10000	6	6	-12.575
0	0	0	0	0	0	1	4	3	0	0	6	28	11	0	0	1	11	6	0	0	0	2	1	0	912	9013	1	10000	6	6	-13.025
0	0	1	0	0	0	1	3	4	1	0	2	25	9	0	0	2	9	8	1	0	0	3	1	1	1113	8814	2	10000	6	6	-13.475
0	0	1	1	0	0	1	2	1	0	0	3	31	12	0	0	0	18	5	0	0	0	1	0	0	1279	8643	2	10000	6	6	-13.925
0	0	0	0	0	0	0	2	3	0	0	5	15	6	1	0	0	10	3	1	0	1	3	1	0	1455	8494	0	10000	6	6	-14.375
0	0	0	0	0	0	0	3	0	0	0	3	14	9	1	0	1	3	6	1	0	1	2	1	0	1683	8269	3	10000	6	6	-14.825
0	0	0	0	0	0	3	0	1	0	0	2	14	4	0	0	0	5	7	0	0	0	0	0	0	1959	8005	0	10000	6	6	-15.275
0	0	0	0	0	0	0	0	2	0	0	1	8	9	0	0	2	7	7	1	0	0	1	0	0	2165	7797	0	10000	6	6	-15.725
0	0	0	0	0	0	0	2	1	1	0	2	8	4	0	0	2	7	2	1	0	0	2	1	0	2536	7431	0	10000	6	6	-16.175
0	0	0	0	0	0	0	3	1	0	0	1	10	3	1	1	1	2	7	0	0	0	0	0	0	2980	6990	0	10000	6	6	-16.625
0	0	0	0	0	0	0	2	1	0	0	1	10	1	0	0	0	3	4	0	0	1	1	0	0	3442	6534	0	10000	6	6	-17.075
0	0	0	0	0	0	0	2	0	0	0	0	5	1	0	0	0	3	3	0	0	0	0	0	0	4041	5945	0	10000	6	6	-17.525
0	0	0	0	0	0	1	0	1	0	0	1	3	2	1	0	0	2	0	0	0	0	1	0	0	4499	5488	1	10000	6	6	-17.975
0	0	0	0	0	0	0	2	0	0	0	1	1	1	0	0	1	2	0	0	0	0	0	0	0	5432	4560	0	10000	6	6	-18.425
0	0	0	0	0	0	0	0	1	0	0	0	2	0	0	0	0	1	1	1	0	0	0	0	0	6257	3737	0	10000	6	6	-18.875
0	0	0	0	0	0	0	0	0	0	0	0	0	3	0	0	0	2	0	0	0	0	0	0	0	6956	3038	1	10000	6	6	-19.325
0	0	0	0	0	0	0	0	0	0	0	0	0	0	0	0	1	0	1	0	0	0	0	0	0	7759	2239	0	10000	6	6	-19.775
