100	
3	17	21	16	3	15	106	292	176	29	20	365	5159	773	63	21	253	1495	513	41	3	49	128	64	14	271	0	90	10000	3.5	8	24.775
2	9	28	31	3	13	103	277	164	37	31	382	5112	757	61	29	305	1529	497	43	3	44	119	77	5	254	0	85	10000	3.5	8	24.325
2	12	26	14	3	14	99	288	162	25	25	377	5166	797	51	22	262	1486	500	45	1	54	138	62	11	281	0	77	10000	3.5	8	23.875
1	15	31	14	1	13	106	307	175	23	27	376	4997	779	68	28	286	1564	532	51	2	40	114	62	13	284	0	91	10000	3.5	8	23.425
3	10	32	28	3	13	99	285	179	25	26	331	5066	775	63	25	281	1539	525	55	7	49	132	75	5	270	0	99	10000	3.5	8	22.975
2	14	32	18	5	8	100	283	187	18	29	347	5066	743	57	31	331	1521	540	49	4	48	128	69	11	275	0	84	10000	3.5	8	22.525
1	14	27	11	3	12	119	304	170	22	31	338	5082	743	57	20	291	1543	529	42	4	53	122	61	9	305	0	87	10000	3.5	8	22.075
1	14	22	28	2	11	89	280	183	19	31	351	5095	782	57	30	307	1504	514	41	8	41	131	57	10	298	0	94	10000	3.5	8	21.625
1	11	23	15	6	8	90	288	178	33	31	375	5034	773	66	28	309	1565	528	55	7	47	106	55	15	254	0	99	10000	3.5	8	21.175
3	8	26	13	7	12	92	270	197	22	28	373	5025	762	69	22	280	1576	546	25	9	56	115	71	10	291	0	92	10000	3.5	8	20.725
3	13	24	27	2	17	99	299	194	23	20	333	4964	800	70	20	326	1564	523	52	7	43	129	67	15	284	0	82	10000	3.5	8	20.275
3	13	17	23	1	13	115	293	176	29	33	366	5050	750	56	36	303	1507	528	54	2	46	130	78	11	279	0	88	10000	3.5	8	19.825
3	7	36	21	2	10	101	292	181	26	33	376	4886	831	76	16	304	1570	549	43	8	52	120	67	14	283	0	93	10000	3.5	8	19.375
2	16	36	20	5	10	111	337	165	21	27	362	4817	771	73	22	340	1555	566	54	8	51	129	90	13	316	0	83	10000	3.5	8	18.925
7	11	19	20	4	16	97	288	174	17	35	361	4833	817	69	34	338	1582	572	52	7	54	119	85	6	283	0	100	10000	3.5	8	18.475
3	7	37	18	3	11	112	299	177	26	27	399	4828	796	55	23	293	1579	550	54	6	65	132	81	15	326	0	78	10000	3.5	8	18.025
0	21	27	18	3	8	116	314	197	24	27	380	4739	838	53	24	328	1671	543	49	9	39	111	67	9	281	0	104	10000	3.5	8	17.575
0	10	34	19	4	15	126	307	203	28	24	380	4696	843	53	28	316	1641	520	50	7	56	129	81	13	313	0	104	10000	3.5	8	17.125
1	12	24	26	5	15	152	318	193	22	31	396	4604	875	48	24	302	1620	594	49	7	56	123	67	16	314	0	106	10000	3.5	8	16.675
0	17	41	16	3	19	100	292	181	24	35	430	4654	851	52	30	332	1604	544	51	8	61	129	79	11	334	0	102	10000	3.5	8	16.225
4	12	32	23	2	15	102	327	176	32	26	413	4636	822	68	30	308	1648	598	38	4	57	120	85	14	303	0	105	10000	3.5	8	15.775
4	18	32	24	5	12	113	338	181	26	35	435	4436	839	49	44	298	1725	593	47	9	69	135	80	14	336	0	103	10000	3.5	8	15.325
3	17	35	18	4	13	127	328	221	24	39	449	4316	869	78	28	338	1733	586	50	9	49	128	99	8	307	0	124	10000	3.5	8	14.875
4	17	36	22	6	17	140	317	171	21	32	412	4509	808	70	29	332	1693	586	59	7	60	135	88	16	310	0	103	10000	3.5	8	14.425
4	22	38	26	4	19	116	364	192	22	39	421	4398	875	64	34	342	1681	531	69	4	57	139	83	11	338	0	107	10000	3.5	8	13.975
2	18	41	32	0	23	146	374	190	20	44	460	4290	837	62	20	369	1718	583	56	8	53	127	76	12	338	0	101	10000	3.5	8	13.525
4	15	34	24	3	13	109	338	238	32	44	459	4255	916	49	26	350	1733	594	44	8	61	126	78	18	308	0	121	10000	3.5	8	13.075
0	24	31	26	2	19	130	385	219	26	39	465	4193	845	64	31	391	1737	575	56	10	54	148	89	11	311	0	119	10000	3.5	8	12.625
8	19	34	24	7	17	117	377	203	24	44	442	4244	859	78	28	364	1722	587	52	9	55	146	70	16	350	0	104	10000	3.5	8	12.175
2	16	42	22	6	11	143	381	209	36	33	410	4142	886	73	30	367	1769	607	54	9	71	136	80	15	340	0	110	10000	3.5	8	11.725
1	26	29	22	5	11	131	348	209	29	38	459	4140	878	81	19	353	1751	618	60	7	65	144	86	13	354	0	123	10000	3.5	8	11.275
3	20	29	23	7	14	132	404	225	28	36	466	4097	911	77	30	350	1756	640	48	8	61	126	90	8	319	0	92	10000	3.5	8	10.825
2	14	31	18	1	16	134	400	167	37	43	483	4195	873	62	34	399	1698	581	50	6	66	159	86	15	329	0	101	10000	3.5	8	10.375
0	21	35	28	5	18	109	374	224	35	32	438	4101	956	61	21	339	1789	624	66	7	58	130	78	18	314	0	119	10000	3.5	8	9.925
0	18	33	34	8	13	134	381	226	29	37	426	4069	894	57	32	344	1805	635	59	11	45	148	86	14	356	0	106	10000	3.5	8	9.475
5	21	48	27	7	9	120	384	234	34	32	455	4023	951	80	33	347	1771	603	61	7	60	146	90	17	337	0	98	10000	3.5	8	9.025
4	12	25	18	7	12	139	416	234	34	28	492	3998	928	62	21	345	1785	640	42	5	49	147	81	12	359	0	105	10000	3.5	8	8.575
3	27	21	20	6	17	129	386	248	25	30	435	3982	931	75	38	348	1800	668	58	10	49	138	86	15	345	0	110	10000	3.5	8	8.125
1	24	44	25	4	22	131	416	214	28	39	472	3973	878	63	38	359	1732	637	46	6	68	168	85	14	385	0	128	10000	3.5	8	7.675
4	13	28	23	7	13	117	380	196	30	36	500	4019	926	65	34	353	1742	600	59	13	61	153	84	17	404	0	123	10000	3.5	8	7.225
1	22	35	22	3	13	141	350	226	44	37	463	3958	948	65	36	379	1754	608	64	10	62	166	86	19	368	0	120	10000	3.5	8	6.775
2	13	29	24	2	25	124	402	206	31	36	449	4010	950	57	33	339	1772	622	61	3	77	127	96	10	385	0	115	10000	3.5	8	6.325
3	24	42	25	4	22	136	407	230	26	37	509	3891	970	62	20	354	1796	634	62	8	61	147	84	12	333	0	101	10000	3.5	8	5.875
4	15	31	23	3	20	156	390	240	26	33	491	3969	923	74	25	319	1756	626	55	9	55	147	87	11	393	0	119	10000	3.5	8	5.425
2	10	34	25	1	24	137	419	208	26	34	485	3982	915	64	36	346	1805	588	59	13	60	134	86	11	367	0	129	10000	3.5	8	4.975
3	17	34	18	3	18	113	405	230	24	34	475	3949	926	75	30	337	1826	651	72	5	55	149	81	12	339	0	119	10000	3.5	8	4.525
5	18	37	26	1	18	135	410	211	31	39	451	3941	897	90	30	366	1799	620	47	4	60	159	82	19	377	14	113	10000	3.5	8	4.075
5	20	35	27	4	18	156	380	247	32	39	471	3942	951	75	32	365	1711	589	54	7	58	140	98	11	373	45	115	10000	3.5	8	3.625
2	18	37	17	6	18	130	402	196	24	51	439	3880	914	64	28	368	1786	587	57	8	64	147	90	9	353	172	133	10000	3.5	8	3.175
1	14	26	21	2	13	128	365	191	25	39	501	3835	918	65	27	353	1656	643	56	12	71	130	84	9	338	361	116	10000	3.5	8	2.725
4	16	27	21	7	19	138	407	207	20	37	475	3570	898	71	31	354	1620	607	59	6	57	136	87	9	303	712	102	10000	3.5	8	2.275
2	26	19	16	3	11	125	317	206	20	26	424	3341	803	66	30	337	1605	587	50	7	54	144	80	12	307	1252	130	10000	3.5	8	1.825
2	16	27	20	2	10	114	345	210	30	27	385	3134	773	53	22	263	1443	525	46	4	50	118	68	12	302	1893	106	10000	3.5	8	1.375
2	7	22	16	4	11	95	294	155	14	31	333	2838	710	47	20	285	1324	487	45	4	52	95	66	9	301	2664	69	10000	3.5	8	0.925
4	10	33	12	6	9	92	251	128	18	23	346	2451	631	43	13	248	1168	375	38	6	47	96	62	7	234	3572	77	10000	3.5	8	0.475
1	7	16	12	4	9	61	219	128	21	11	276	2172	539	36	16	236	1060	375	31	12	40	92	50	3	204	4306	63	10000	3.5	8	0.025
1	12	13	16	6	12	71	189	107	16	14	215	1804	467	37	13	160	877	325	28	6	36	76	47	7	168	5226	51	10000	3.5	8	-0.425
2	8	19	11	1	10	53	168	99	15	19	224	1550	433	39	16	144	767	250	19	6	19	63	30	7	176	5805	47	10000	3.5	8	-0.875
0	5	7	15	1	10	53	124	89	7	13	197	1299	382	27	12	131	640	232	27	8	21	42	26	4	152	6440	36	10000	3.5	8	-1.325
1	6	8	8	2	10	46	125	72	13	9	137	1125	335	21	6	134	562	199	17	2	16	49	28	0	134	6896	39	10000	3.5	8	-1.775
0	3	11	7	2	8	34	112	63	9	10	136	1024	276	17	10	90	511	169	14	3	18	39	15	5	143	7238	33	10000	3.5	8	-2.225
0	3	11	5	0	2	36	75	60	5	9	111	850	247	19	6	71	406	159	17	4	16	39	22	2	127	7669	29	10000	3.5	8	-2.675
0	4	4	8	2	1	27	63	46	3	11	87	760	213	20	8	87	393	147	7	0	12	32	24	2	108	7900	31	10000	3.5	8	-3.125
2	4	9	5	1	5	35	92	46	5	5	91	675	164	7	7	72	292	116	14	2	9	27	19	3	102	8163	28	10000	3.5	8	-3.575
1	2	7	7	1	0	18	73	27	4	5	90	578	169	13	11	63	278	90	8	0	9	29	22	3	97	8376	19	10000	3.5	8	-4.025
2	1	4	3	1	1	27	59	37	5	5	58	475	129	9	3	48	256	82	1	0	9	22	9	4	118	8609	23	10000	3.5	8	-4.475
0	1	5	2	1	1	15	55	29	4	4	56	398	116	13	4	46	199	69	9	1	10	13	3	2	129	8806	9	10000	3.5	8	-4.925
1	0	5	2	1	0	19	26	26	3	4	49	351	125	5	2	30	183	71	13	2	11	12	13	1	129	8906	10	10000	3.5	8	-5.375
0	3	2	2	0	2	7	36	25	2	4	45	331	71	8	4	23	159	59	8	1	8	11	12	1	134	9034	8	10000	3.5	8	-5.825
0	3	5	2	0	1	13	33	12	2	1	41	274	91	4	1	30	142	51	4	1	3	16	9	0	132	9119	10	10000	3.5	8	-6.275
0	2	3	1	0	2	13	28	11	1	3	34	224	81	3	0	19	116	39	3	1	5	10	10	0	164	9216	11	10000	3.5	8	-6.725
0	1	2	3	0	2	9	33	10	2	5	16	200	62	2	1	26	119	27	3	0	2	8	4	0	166	9291	6	10000	3.5	8	-7.175
0	1	2	2	0	1	5	22	11	2	2	20	166	49	5	0	19	89	41	5	0	2	8	4	1	197	9342	4	10000	3.5	8	-7.625
0	1	4	0	0	1	8	10	9	1	3	19	146	50	3	0	15	66	35	4	0	3	5	6	1	217	9385	8	10000	3.5	8	-8.075
0	1	2	1	0	0	6	20	8	0	1	10	120	44	4	1	18	58	29	1	0	0	6	1	1	217	9446	5	10000	3.5	8	-8.525
0	0	2	0	0	1	4	21	10	3	2	20	104	30	3	2	11	56	19	2	1	2	6	2	1	274	9422	2	10000	3.5	8	-8.975
0	1	2	0	0	0	5	11	5	0	2	4	98	33	5	3	6	56	20	3	0	1	4	4	1	332	9400	4	10000	3.5	8	-9.425
0	0	0	1	0	0	3	8	7	1	0	10	67	26	1	0	9	32	15	2	0	0	3	2	0	340	9468	5	10000	3.5	8	-9.875
0	1	0	1	0	0	1	10	5	1	1	10	76	17	0	0	13	37	7	1	0	1	4	2	1	414	9395	2	10000	3.5	8	-10.325
0	0	1	0	0	0	6	9	5	1	1	8	59	17	3	0	6	35	8	1	0	1	3	3	0	467	9364	2	10000	3.5	8	-10.775
0	0	3	1	0	0	2	7	5	0	0	11	51	27	0	0	6	34	6	0	0	0	1	2	0	547	9294	3	10000	3.5	8	-11.225
0	0	0	0	0	0	2	7	5	3	2	11	42	8	0	2	3	21	14	2	0	1	2	1	0	644	9226	4	10000	3.5	8	-11.675
0	0	0	0	0	0	4	5	1	2	0	8	41	11	0	0	1	27	8	2	0	2	2	1	1	715	9167	2	10000	3.5	8	-12.125
0	0	0	0	0	0	1	5	2	0	0	3	20	11	1	0	0	18	9	2	0	0	0	2	0	863	9063	0	10000	3.5	8	-12.575
0	0	0	1	0	0	3	3	0	1	0	2	28	12	0	1	2	12	10	1	0	2	0	3	0	953	8965	1	10000	3.5	8	-13.025
0	0	1	0	0	0	2	3	1	0	1	4	16	10	0	1	2	16	3	2	0	1	2	1	0	1075	8858	1	10000	3.5	8	-13.475
0	0	0	0	0	0	2	4	3	0	0	7	24	6	1	0	2	12	4	3	0	0	0	0	0	1280	8652	0	10000	3.5	8	-13.925
0	1	0	1	0	0	1	0	0	0	0	2	12	4	0	0	7	6	6	0	0	0	3	0	1	1472	8484	0	10000	3.5	8	-14.375
0	0	1	0	0	0	0	1	1	0	0	1	13	4	0	0	1	8	4	0	0	0	0	0	0	1747	8219	0	10000	3.5	8	-14.825
0	1	1	0	0	0	1	1	2	0	1	3	17	3	0	0	2	4	5	0	0	1	3	2	1	1876	8076	0	10000	3.5	8	-15.275
0	0	0	0	0	0	1	0	0	0	0	1	10	4	1	0	2	7	6	1	0	0	0	1	0	2262	7704	0	10000	3.5	8	-15.725
0	0	0	0	0	0	0	1	2	0	0	1	10	6	0	0	0	5	2	1	0	0	1	2	0	2573	7396	0	10000	3.5	8	-16.175
0	0	0	0	0	0	1	1	1	0	0	1	5	4	0	0	1	2	4	0	0	0	0	0	0	3008	6971	1	10000	3.5	8	-16.625
0	0	0	0	0	0	0	1	1	0	0	2	8	5	1	0	1	5	0	1	0	0	0	0	0	3483	6492	0	10000	3.5	8	-17.075
0	0	0	0	0	0	0	4	2	0	0	1	6	1	0	0	0	3	3	0	0	0	0	0	0	4041	5939	0	10000	3.5	8	-17.525
0	0	0	0	0	0	0	0	0	0	0	1	5	1	1	0	0	4	1	0	0	1	0	0	0	4599	5387	0	10000	3.5	8	-17.975
0	0	0	0	0	0	0	0	0	0	0	0	4	1	0	0	0	4	2	0	0	0	0	0	0	5436	4553	0	10000	3.5	8	-18.425
0	0	0	0	0	0	0	0	1	0	0	1	1	3	0	0	0	1	0	0	0	0	0	0	0	6269	3724	0	10000	3.5	8	-18.875
0	0	0	0	0	0	0	0	0	0	0	0	1	0	0	0	0	0	0	0	0	0	0	0	0	6950	3049	0	10000	3.5	8	-19.325
0	0	0	0	0	0	0	0	0	0	0	0	1	1	0	0	0	0	3	0	0	0	0	0	0	7651	2344	0	10000	3.5	8	-19.775
