50	
0	1	2	0	0	0	10	17	7	2	1	126	8160	182	1	0	108	1209	131	1	1	2	12	4	0	0	23	0	10000	1	8	24.55
0	2	1	0	0	3	10	22	11	1	4	120	8250	178	3	0	85	1146	113	0	0	3	15	7	0	2	24	0	10000	1	8	23.65
0	0	1	0	0	0	8	27	7	1	1	101	8390	184	2	1	80	1022	126	2	0	3	12	7	0	2	23	0	10000	1	8	22.75
0	1	1	0	0	0	7	14	7	0	1	93	8520	159	2	0	71	951	124	1	0	2	8	9	0	3	26	0	10000	1	8	21.85
0	0	0	0	0	0	8	17	5	0	0	115	8608	143	4	0	74	863	130	0	0	0	6	5	0	3	19	0	10000	1	8	20.95
0	1	1	1	1	0	9	18	7	0	0	85	8707	136	1	1	63	833	98	0	0	5	5	3	0	3	22	0	10000	1	8	20.05
0	0	0	0	0	0	7	19	12	1	0	94	8665	143	2	1	65	862	100	1	0	1	4	1	0	2	20	0	10000	1	8	19.15
0	0	0	0	0	0	10	22	3	1	2	89	8690	135	1	1	74	851	89	0	0	4	6	4	0	2	16	0	10000	1	8	18.25
0	0	0	0	0	0	5	16	18	0	2	97	8670	141	0	1	73	829	94	3	0	4	14	5	0	2	26	0	10000	1	8	17.35
0	0	0	0	0	0	14	37	11	0	1	114	8498	162	1	3	84	925	101	1	0	3	9	1	0	9	26	0	10000	1	8	16.45
0	0	0	0	0	0	11	39	10	0	5	122	8379	196	0	1	89	968	121	3	0	6	11	3	1	0	35	0	10000	1	8	15.55
0	0	0	1	0	0	16	51	20	0	2	154	8130	201	3	0	105	1119	137	3	0	5	10	4	0	4	35	0	10000	1	8	14.65
0	2	2	1	0	0	13	39	17	0	1	149	8068	250	5	0	90	1118	170	2	1	4	9	6	1	4	48	0	10000	1	8	13.75
0	0	0	0	0	0	20	58	19	0	3	149	7847	238	1	1	118	1289	160	2	0	1	23	12	0	2	57	0	10000	1	8	12.85
0	0	1	0	0	1	30	62	23	1	1	210	7554	301	2	3	133	1379	179	2	0	7	15	11	1	4	80	0	10000	1	8	11.95
0	1	2	1	0	0	18	72	23	2	2	217	7437	332	3	3	158	1388	184	4	0	10	27	10	1	7	98	0	10000	1	8	11.05
0	0	2	1	0	2	15	67	21	2	1	205	7215	357	3	4	158	1564	227	2	0	8	17	11	1	2	115	0	10000	1	8	10.15
0	1	2	0	0	1	26	86	26	1	2	251	6974	401	5	3	186	1595	248	2	1	13	29	5	1	2	139	0	10000	1	8	9.25
0	2	0	2	0	1	21	83	38	3	2	290	6737	386	5	2	171	1773	242	2	2	12	28	12	0	8	178	0	10000	1	8	8.35
0	2	2	1	0	2	23	96	32	2	3	324	6507	411	4	2	199	1841	281	6	0	10	18	11	0	4	219	0	10000	1	8	7.45
0	0	1	1	0	0	17	110	29	1	7	315	6471	444	5	4	232	1796	259	1	1	8	16	11	0	9	262	0	10000	1	8	6.55
0	2	3	0	0	0	27	113	32	1	10	297	6381	463	8	2	222	1794	250	4	1	9	30	8	0	10	333	0	10000	1	8	5.65
0	2	1	1	0	1	31	119	38	0	2	303	6154	434	3	3	194	1895	250	7	0	8	24	12	1	8	509	0	10000	1	8	4.75
0	2	4	1	0	1	43	103	45	2	4	289	5857	444	4	2	214	1754	266	1	1	10	26	10	0	2	915	0	10000	1	8	3.85
0	0	2	3	0	0	33	94	34	1	3	274	5315	406	9	6	183	1664	272	1	0	12	18	10	0	9	1651	0	10000	1	8	2.95
1	3	1	1	0	1	21	101	32	1	2	239	4541	404	3	3	182	1555	211	2	0	10	20	13	0	13	2640	0	10000	1	8	2.05
0	0	2	0	0	2	19	85	30	1	2	217	3665	325	4	3	150	1308	197	1	0	4	18	9	0	22	3936	0	10000	1	8	1.15
0	0	0	1	0	1	21	64	23	2	2	168	2837	230	1	4	114	975	161	2	0	3	10	10	0	24	5347	0	10000	1	8	0.25
0	0	2	0	0	0	12	44	13	0	3	135	2105	186	1	2	91	782	105	3	0	3	24	7	0	27	6455	0	10000	1	8	-0.65
0	1	1	0	0	1	13	47	27	0	1	103	1557	145	1	2	90	540	91	2	0	3	12	5	1	26	7331	0	10000	1	8	-1.55
0	0	0	0	0	0	5	35	18	0	0	81	1153	129	0	1	42	436	75	0	0	2	3	2	0	45	7973	0	10000	1	8	-2.45
0	0	0	0	0	0	6	26	8	0	0	58	813	88	2	1	43	334	62	0	0	6	8	5	0	40	8500	0	10000	1	8	-3.35
0	1	0	1	0	0	3	20	9	1	0	52	612	85	1	0	31	293	40	3	0	1	5	1	0	74	8767	0	10000	1	8	-4.25
0	0	0	0	0	0	7	15	9	1	0	36	472	50	0	1	16	205	36	1	0	1	3	2	0	86	9059	0	10000	1	8	-5.15
0	0	1	0	0	0	2	17	8	0	1	17	337	39	1	0	20	148	25	1	0	0	2	2	0	112	9267	0	10000	1	8	-6.05
0	0	0	1	0	0	2	13	5	0	0	23	240	35	1	0	11	79	14	1	0	0	1	3	0	143	9428	0	10000	1	8	-6.95
0	0	0	0	0	0	3	8	5	0	0	14	172	21	1	0	9	91	16	0	0	2	2	0	0	221	9435	0	10000	1	8	-7.85
0	0	1	0	0	0	0	10	2	0	0	8	169	23	1	0	13	60	9	0	0	1	1	1	0	219	9482	0	10000	1	8	-8.75
0	0	0	0	0	0	0	7	2	0	0	12	109	21	0	0	9	51	7	0	0	2	0	0	0	306	9474	0	10000	1	8	-9.65
0	0	0	0	0	0	1	5	0	0	0	7	76	14	0	0	4	43	4	0	0	1	1	0	0	436	9408	0	10000	1	8	-10.55
0	0	0	0	0	0	0	2	0	0	0	9	67	11	0	0	4	27	5	0	0	0	2	0	0	603	9270	0	10000	1	8	-11.45
0	0	0	0	0	0	0	4	0	0	0	2	37	2	0	0	1	14	7	0	0	0	3	0	0	807	9123	0	10000	1	8	-12.35
0	0	0	0	0	0	0	2	1	0	0	2	38	10	0	0	2	19	5	0	0	1	1	0	0	1011	8908	0	10000	1	8	-13.25
0	0	0	0	0	0	0	1	0	0	0	1	24	3	0	0	2	14	3	0	0	1	1	0	0	1348	8602	0	10000	1	8	-14.15
0	0	0	0	0	0	0	0	1	0	0	1	14	4	0	0	1	15	1	0	0	0	1	0	0	1780	8182	0	10000	1	8	-15.05
0	0	1	0	0	0	0	0	0	0	0	1	7	1	0	0	1	3	1	0	0	0	1	0	0	2383	7601	0	10000	1	8	-15.95
0	0	0	0	0	0	0	1	0	0	0	0	7	1	1	0	0	3	1	0	0	0	1	0	0	3177	6808	0	10000	1	8	-16.85
0	0	0	0	0	0	0	0	0	0	0	1	7	1	0	0	1	4	0	0	0	0	0	0	0	4244	5742	0	10000	1	8	-17.75
0	0	0	0	0	0	0	0	0	0	0	0	3	1	0	0	0	3	0	0	0	0	0	0	0	5761	4232	0	10000	1	8	-18.65
0	0	0	0	0	0	0	0	0	0	0	0	2	0	0	0	0	0	0	0	0	0	1	0	0	7279	2718	0	10000	1	8	-19.55
