50	
0	2	0	1	0	0	10	31	18	1	3	148	5973	347	4	4	144	2923	290	2	0	4	25	12	0	6	52	0	10000	1.5	11	24.55
0	0	1	0	0	0	12	32	10	1	0	156	6128	312	3	1	160	2812	276	5	0	9	25	14	0	8	35	0	10000	1.5	11	23.65
0	0	0	0	0	0	15	29	18	2	3	171	6236	331	1	2	169	2661	271	1	0	9	12	15	0	6	48	0	10000	1.5	11	22.75
0	0	0	0	0	1	12	30	13	1	2	173	6270	332	5	0	155	2644	250	2	0	9	38	12	1	5	45	0	10000	1.5	11	21.85
0	0	0	0	0	0	12	26	17	1	3	172	6179	310	2	0	159	2752	281	1	0	7	16	8	2	5	47	0	10000	1.5	11	20.95
0	0	1	0	0	0	8	36	12	0	1	161	6350	334	4	2	171	2593	244	1	0	7	20	12	0	4	39	0	10000	1.5	11	20.05
0	0	1	1	0	0	12	26	9	0	2	175	6399	302	1	3	150	2556	270	3	1	8	21	6	0	0	54	0	10000	1.5	11	19.15
0	1	0	1	0	0	19	36	14	1	1	211	6344	300	1	2	141	2582	262	2	0	6	16	12	0	6	42	0	10000	1.5	11	18.25
0	0	1	0	0	0	12	37	15	1	3	164	6280	322	3	2	171	2620	265	3	0	7	24	16	0	4	50	0	10000	1.5	11	17.35
0	1	1	0	0	1	17	34	23	0	3	193	6326	312	8	4	157	2540	270	3	0	6	24	18	0	4	55	0	10000	1.5	11	16.45
0	1	2	0	0	0	17	39	22	1	5	196	6129	343	6	2	192	2627	269	10	0	12	36	17	1	8	65	0	10000	1.5	11	15.55
0	0	2	0	0	0	15	58	20	0	2	195	6119	350	5	2	163	2644	297	2	1	7	32	13	0	6	67	0	10000	1.5	11	14.65
0	0	1	2	0	1	15	38	23	1	2	217	6027	339	7	4	218	2652	307	7	2	8	31	11	1	6	80	0	10000	1.5	11	13.75
0	0	1	0	0	2	18	64	22	0	4	231	5860	368	5	2	208	2722	337	4	0	9	27	14	0	5	97	0	10000	1.5	11	12.85
0	1	1	2	0	1	21	49	29	0	5	216	5766	395	3	4	217	2777	332	6	0	6	31	16	0	7	115	0	10000	1.5	11	11.95
0	0	0	1	0	1	17	50	28	1	1	242	5693	397	4	9	234	2810	327	1	1	13	32	15	1	3	119	0	10000	1.5	11	11.05
0	1	3	1	0	0	19	53	19	2	6	249	5555	429	6	3	242	2852	351	3	0	9	36	17	0	4	140	0	10000	1.5	11	10.15
0	2	1	0	0	0	21	69	29	3	3	297	5389	471	4	3	212	2913	340	3	1	10	25	22	1	9	171	1	10000	1.5	11	9.25
0	0	1	0	1	1	20	70	32	3	5	291	5313	472	6	4	208	2928	362	8	0	8	40	24	0	13	190	0	10000	1.5	11	8.35
0	2	0	0	0	0	28	77	27	0	4	280	5246	469	4	3	245	2897	387	4	0	17	37	14	1	7	251	0	10000	1.5	11	7.45
0	1	1	2	0	0	23	85	30	4	5	284	5126	476	7	2	203	2972	405	5	1	10	39	19	0	12	288	0	10000	1.5	11	6.55
0	0	1	0	0	1	15	79	28	0	6	304	5047	483	5	3	241	2905	411	5	0	17	41	23	2	10	373	0	10000	1.5	11	5.65
0	0	2	1	0	1	13	65	21	3	4	275	4961	560	7	5	248	2848	380	7	0	22	35	22	0	11	509	0	10000	1.5	11	4.75
0	0	0	0	0	0	24	82	40	0	8	292	4647	470	8	3	238	2732	404	7	0	11	38	31	0	10	955	0	10000	1.5	11	3.85
0	0	3	2	0	0	21	81	30	0	6	242	4241	442	8	6	242	2525	389	6	1	12	29	19	0	13	1682	0	10000	1.5	11	2.95
0	0	1	2	0	1	23	82	30	2	2	258	3578	410	6	2	185	2300	333	4	0	11	42	30	0	11	2687	0	10000	1.5	11	2.05
0	0	0	1	0	0	17	67	21	1	5	185	3029	339	5	2	173	1836	263	2	0	10	22	12	0	24	3986	0	10000	1.5	11	1.15
0	0	1	0	0	0	10	41	25	0	0	180	2311	272	5	1	149	1457	234	4	0	12	29	8	0	19	5242	0	10000	1.5	11	0.25
0	0	0	1	0	2	14	33	12	0	3	130	1679	213	5	1	102	1083	165	5	1	5	19	8	2	21	6496	0	10000	1.5	11	-0.65
0	0	0	1	0	0	7	32	13	0	1	99	1288	146	3	1	78	795	111	3	1	4	12	10	0	36	7359	0	10000	1.5	11	-1.55
0	0	0	0	0	0	0	18	11	0	2	63	938	114	0	0	72	641	100	0	1	5	11	1	0	35	7988	0	10000	1.5	11	-2.45
0	0	0	0	0	0	6	18	7	1	1	45	719	91	1	1	52	428	74	1	0	3	11	8	0	43	8490	0	10000	1.5	11	-3.35
1	1	0	1	0	0	4	6	5	0	2	41	515	76	0	0	38	375	50	0	1	1	10	7	0	51	8815	0	10000	1.5	11	-4.25
0	0	0	0	0	0	3	12	1	0	0	41	386	60	0	1	31	269	50	0	0	3	8	2	0	75	9058	0	10000	1.5	11	-5.15
0	0	0	0	0	0	1	7	2	0	0	27	305	38	1	0	17	183	38	0	0	1	3	4	0	97	9276	0	10000	1.5	11	-6.05
0	0	0	0	0	0	5	6	1	0	0	25	234	29	1	0	15	133	32	2	0	3	0	1	0	141	9372	0	10000	1.5	11	-6.95
0	0	0	0	0	0	2	5	2	0	0	12	172	25	1	0	8	103	15	0	0	1	4	0	0	184	9466	0	10000	1.5	11	-7.85
0	0	0	0	0	0	0	5	5	0	0	8	98	24	0	0	9	92	16	0	0	1	2	1	0	259	9480	0	10000	1.5	11	-8.75
0	0	0	0	0	0	0	0	1	0	0	9	80	17	0	0	7	78	13	0	0	2	2	1	0	337	9453	0	10000	1.5	11	-9.65
0	0	0	0	0	0	0	3	1	0	0	10	76	9	0	0	1	37	14	0	0	0	1	1	0	423	9424	0	10000	1.5	11	-10.55
0	0	0	0	0	0	1	1	1	0	0	2	45	4	0	0	2	43	10	1	0	0	0	1	0	605	9284	0	10000	1.5	11	-11.45
0	0	0	0	0	0	0	5	0	0	0	0	34	5	0	0	4	31	7	0	0	1	1	1	0	758	9153	0	10000	1.5	11	-12.35
0	0	0	0	0	0	0	1	1	0	0	5	27	7	0	0	0	19	1	0	0	0	0	0	0	1045	8894	0	10000	1.5	11	-13.25
0	0	0	0	0	0	0	1	0	0	0	3	17	2	0	0	4	17	6	1	0	0	0	0	0	1339	8610	0	10000	1.5	11	-14.15
0	0	0	0	0	0	0	0	0	0	0	0	14	3	0	0	1	9	0	0	0	0	0	0	0	1877	8096	0	10000	1.5	11	-15.05
0	0	0	0	0	0	0	1	0	0	0	0	18	1	0	0	1	9	8	0	0	0	0	0	0	2445	7517	0	10000	1.5	11	-15.95
0	0	0	0	0	0	0	0	0	0	0	0	1	1	0	0	2	4	2	0	0	0	0	0	0	3186	6804	0	10000	1.5	11	-16.85
0	0	0	0	0	0	0	0	0	0	0	1	6	2	0	0	2	2	1	0	0	0	1	0	0	4227	5758	0	10000	1.5	11	-17.75
0	0	0	0	0	0	0	0	0	0	0	0	1	0	0	0	1	2	0	0	0	0	0	0	0	5950	4046	0	10000	1.5	11	-18.65
0	0	0	0	0	0	0	0	0	0	0	0	4	1	0	0	0	0	1	0	0	0	0	0	0	7342	2652	0	10000	1.5	11	-19.55
