50	
0	1	0	0	0	0	4	26	15	0	0	102	7850	249	2	1	91	1441	172	1	1	5	9	7	0	2	21	0	10000	2	8.5	24.55
0	0	1	1	0	0	10	26	14	0	0	95	7801	266	2	3	80	1437	202	4	0	3	11	7	1	2	34	0	10000	2	8.5	23.65
0	0	2	0	0	0	13	26	14	1	0	80	8009	246	3	1	101	1280	180	4	0	2	12	1	1	0	24	0	10000	2	8.5	22.75
0	0	0	0	0	0	7	27	16	0	0	90	7991	250	0	1	88	1288	186	1	0	3	17	7	1	1	26	0	10000	2	8.5	21.85
1	0	0	0	0	0	5	27	17	0	3	105	8105	233	2	3	83	1196	163	2	0	2	12	4	1	7	29	0	10000	2	8.5	20.95
0	0	0	0	0	0	6	23	10	0	1	98	8263	219	2	0	66	1134	130	2	1	2	13	3	0	3	24	0	10000	2	8.5	20.05
0	0	0	0	0	1	7	33	10	1	1	96	8171	201	9	4	68	1198	140	1	1	2	10	6	0	3	37	0	10000	2	8.5	19.15
0	0	1	0	0	0	7	25	12	2	3	89	8269	216	4	4	73	1097	147	1	0	3	10	5	0	4	28	0	10000	2	8.5	18.25
0	0	1	2	1	0	6	25	15	1	1	115	8177	259	2	3	78	1092	160	4	0	6	13	3	0	2	34	0	10000	2	8.5	17.35
0	0	1	0	0	0	17	29	16	1	3	83	8094	251	1	3	74	1206	168	2	1	2	11	9	1	1	26	0	10000	2	8.5	16.45
0	1	1	2	0	0	12	39	12	0	1	131	7987	231	4	3	104	1209	172	1	0	5	12	11	1	6	55	0	10000	2	8.5	15.55
0	0	1	0	0	0	8	32	22	2	0	129	7765	299	2	0	93	1356	200	4	0	5	15	10	1	2	54	0	10000	2	8.5	14.65
0	0	2	0	0	0	18	49	16	0	1	153	7641	310	6	2	110	1394	191	3	0	7	19	11	0	1	66	0	10000	2	8.5	13.75
0	0	2	2	0	0	12	47	19	2	0	143	7482	327	5	1	122	1477	242	4	0	9	15	11	0	4	74	0	10000	2	8.5	12.85
0	1	0	0	1	0	11	49	29	1	9	187	7306	379	3	4	147	1511	234	5	0	5	19	9	1	1	88	0	10000	2	8.5	11.95
0	0	1	1	1	2	24	72	26	1	3	211	7069	383	4	3	139	1658	256	3	1	6	23	9	0	5	99	0	10000	2	8.5	11.05
0	1	1	3	0	0	23	78	34	1	0	225	6808	431	5	1	160	1781	276	9	0	5	21	13	0	3	121	0	10000	2	8.5	10.15
0	0	3	1	0	2	18	84	29	0	4	227	6669	473	7	2	147	1817	304	6	0	8	26	12	1	6	154	0	10000	2	8.5	9.25
0	2	1	2	0	1	15	85	32	1	4	213	6521	512	6	0	152	1885	324	4	0	7	24	19	0	9	181	0	10000	2	8.5	8.35
0	1	4	0	1	0	34	100	36	1	2	252	6199	526	7	1	187	2020	346	6	0	9	27	17	0	3	221	0	10000	2	8.5	7.45
0	0	2	0	0	1	36	95	38	1	3	262	6170	533	4	2	179	1991	332	3	0	5	32	13	0	12	286	0	10000	2	8.5	6.55
0	0	3	1	0	0	22	106	38	0	6	248	6240	506	13	3	183	1919	306	7	0	6	28	19	2	9	335	0	10000	2	8.5	5.65
1	1	1	1	0	1	27	102	45	1	2	261	5914	540	6	3	196	1966	364	5	0	9	35	20	1	8	490	0	10000	2	8.5	4.75
1	1	3	3	0	0	24	98	38	0	3	248	5752	476	5	1	185	1884	332	6	2	10	19	21	1	9	878	0	10000	2	8.5	3.85
0	1	1	2	0	0	27	82	49	0	4	246	5132	500	7	3	154	1757	320	6	0	5	26	15	0	7	1656	0	10000	2	8.5	2.95
0	0	2	0	0	0	19	89	48	0	1	210	4367	475	3	5	152	1572	288	4	1	7	29	12	1	11	2704	0	10000	2	8.5	2.05
0	0	1	0	0	0	18	84	26	0	2	184	3572	394	3	2	131	1325	250	4	0	4	16	13	0	10	3961	0	10000	2	8.5	1.15
0	0	1	1	0	1	23	68	32	1	2	137	2792	282	1	1	98	1024	207	3	0	4	16	12	0	15	5279	0	10000	2	8.5	0.25
0	2	2	2	0	0	11	54	23	0	1	116	1998	265	1	0	67	778	138	3	1	4	14	9	0	20	6491	0	10000	2	8.5	-0.65
0	0	1	0	0	0	7	37	19	0	0	89	1477	180	2	1	57	613	98	3	1	3	9	2	1	27	7373	0	10000	2	8.5	-1.55
0	1	0	1	0	0	5	39	9	0	1	72	1128	127	1	1	55	477	101	2	0	2	9	3	0	33	7933	0	10000	2	8.5	-2.45
0	1	0	0	0	1	6	22	9	0	1	63	826	94	3	0	34	367	65	0	0	1	5	4	0	52	8446	0	10000	2	8.5	-3.35
0	0	0	1	0	0	5	25	10	0	3	42	604	82	0	0	23	261	52	2	0	0	2	3	0	62	8823	0	10000	2	8.5	-4.25
0	0	0	0	0	0	4	17	7	1	0	30	450	60	0	0	17	190	51	0	0	2	3	3	0	97	9068	0	10000	2	8.5	-5.15
0	0	1	0	0	0	2	11	2	0	0	18	321	52	0	0	20	138	37	2	0	1	2	5	0	96	9292	0	10000	2	8.5	-6.05
0	0	1	0	0	0	2	13	3	0	1	20	245	36	0	0	6	97	30	0	0	1	3	1	0	126	9415	0	10000	2	8.5	-6.95
0	0	0	0	0	0	2	7	1	0	0	10	176	35	0	1	11	77	17	0	0	4	2	1	0	184	9472	0	10000	2	8.5	-7.85
0	0	0	0	0	0	1	3	1	0	0	7	132	28	0	0	8	63	13	1	0	0	3	0	0	284	9456	0	10000	2	8.5	-8.75
0	0	1	0	0	0	0	2	1	0	0	3	96	27	0	0	5	40	16	0	0	0	1	0	0	315	9493	0	10000	2	8.5	-9.65
0	0	0	0	0	0	0	6	1	0	0	8	77	11	0	0	6	30	6	0	0	0	0	1	0	445	9409	0	10000	2	8.5	-10.55
0	0	0	0	0	0	1	2	0	0	1	6	59	11	0	0	1	27	9	0	0	0	0	1	0	566	9316	0	10000	2	8.5	-11.45
0	0	0	0	0	0	0	0	1	0	0	2	47	12	0	0	2	11	4	0	0	0	0	0	0	812	9109	0	10000	2	8.5	-12.35
0	0	0	0	0	0	1	1	1	0	0	3	27	5	0	0	0	23	7	0	0	0	1	0	0	1059	8872	0	10000	2	8.5	-13.25
0	0	0	0	0	0	0	1	2	0	0	3	16	10	0	0	0	6	3	0	0	0	0	0	0	1402	8557	0	10000	2	8.5	-14.15
0	0	0	0	0	0	0	1	2	0	0	1	18	5	0	0	1	6	2	0	0	0	0	0	0	1877	8087	0	10000	2	8.5	-15.05
0	0	0	0	0	0	0	0	0	0	0	1	15	5	0	0	2	7	3	0	0	0	0	0	0	2449	7518	0	10000	2	8.5	-15.95
0	0	0	0	0	0	0	0	0	0	0	1	9	2	0	0	1	7	0	0	0	0	0	0	0	3251	6729	0	10000	2	8.5	-16.85
0	0	0	0	0	0	0	0	0	0	0	0	3	1	0	0	2	0	1	0	0	1	0	0	0	4273	5719	0	10000	2	8.5	-17.75
0	0	0	0	0	0	0	2	0	0	0	0	3	0	0	0	0	0	0	0	0	0	0	0	0	5759	4236	0	10000	2	8.5	-18.65
0	0	0	0	0	0	0	0	0	0	0	1	1	0	0	0	0	3	0	0	0	0	0	0	0	7287	2708	0	10000	2	8.5	-19.55
