50	
0	0	0	0	0	0	0	0	0	0	0	0	10000	0	0	0	0	0	0	0	0	0	0	0	0	0	0	0	10000	3	1	24.55
0	0	0	0	0	0	0	0	0	0	0	0	10000	0	0	0	0	0	0	0	0	0	0	0	0	0	0	0	10000	3	1	23.65
0	0	0	0	0	0	0	0	0	0	0	0	10000	0	0	0	0	0	0	0	0	0	0	0	0	0	0	0	10000	3	1	22.75
0	0	0	0	0	0	0	0	0	0	0	0	10000	0	0	0	0	0	0	0	0	0	0	0	0	0	0	0	10000	3	1	21.85
0	0	0	0	0	0	0	0	0	0	0	0	10000	0	0	0	0	0	0	0	0	0	0	0	0	0	0	0	10000	3	1	20.95
0	0	0	0	0	0	0	1	0	0	0	0	9999	0	0	0	0	0	0	0	0	0	0	0	0	0	0	0	10000	3	1	20.05
0	0	0	0	0	0	0	1	0	0	0	0	9994	3	0	0	1	0	1	0	0	0	0	0	0	0	0	0	10000	3	1	19.15
0	0	0	0	0	0	0	2	2	0	0	1	9983	7	0	0	0	3	1	0	0	0	0	0	0	0	1	0	10000	3	1	18.25
0	0	1	0	0	0	1	6	1	0	1	3	9968	5	0	0	0	8	4	0	0	0	0	0	0	0	2	0	10000	3	1	17.35
0	0	0	0	0	0	1	10	4	0	0	3	9938	17	0	0	2	17	5	0	0	0	1	0	0	0	2	0	10000	3	1	16.45
0	0	0	0	0	0	2	18	3	0	0	11	9882	37	0	0	3	25	12	1	0	0	1	0	0	0	5	0	10000	3	1	15.55
0	0	1	0	0	0	3	33	16	1	0	15	9749	75	0	0	10	60	21	2	0	0	0	1	0	1	12	0	10000	3	1	14.65
0	0	1	0	0	0	9	61	20	1	0	22	9654	101	0	0	9	75	22	2	0	4	0	2	0	1	16	0	10000	3	1	13.75
0	1	1	2	0	0	8	85	33	0	1	37	9485	144	0	0	13	113	40	2	0	2	1	1	0	1	30	0	10000	3	1	12.85
0	0	2	1	0	1	14	93	34	0	0	50	9336	209	3	0	13	156	50	2	0	0	3	5	0	1	27	0	10000	3	1	11.95
0	2	1	0	0	1	22	141	46	2	1	67	9062	260	5	0	22	237	72	0	0	1	3	3	1	1	50	0	10000	3	1	11.05
0	1	2	1	0	0	22	173	62	1	0	78	8908	311	4	1	31	254	79	1	1	1	2	2	0	5	60	0	10000	3	1	10.15
0	3	1	1	0	1	23	242	83	3	2	100	8619	378	3	3	26	311	98	6	0	2	6	4	0	1	84	0	10000	3	1	9.25
0	1	7	0	0	1	32	237	95	1	1	120	8393	434	5	1	41	362	123	3	1	2	6	3	0	2	129	0	10000	3	1	8.35
0	3	7	2	0	2	30	259	95	7	4	135	8222	489	2	1	44	399	113	2	0	2	4	4	0	4	170	0	10000	3	1	7.45
0	2	6	3	0	1	39	286	97	3	1	147	8024	513	7	0	59	435	149	3	0	2	5	1	1	4	212	0	10000	3	1	6.55
0	2	2	3	1	0	33	323	110	2	6	160	7809	591	9	1	54	453	132	6	0	1	14	2	0	0	286	0	10000	3	1	5.65
0	3	4	4	1	0	36	308	96	2	2	146	7690	616	9	1	58	436	130	5	0	1	5	6	1	2	438	0	10000	3	1	4.75
0	2	4	6	0	2	45	334	119	1	5	168	7140	591	3	1	55	449	153	2	0	0	6	3	1	8	902	0	10000	3	1	3.85
0	2	8	0	0	0	39	314	102	4	2	169	6465	556	2	0	68	483	113	2	0	1	2	5	1	7	1655	0	10000	3	1	2.95
0	4	2	4	0	3	33	290	107	3	2	169	5584	489	4	0	42	439	129	4	0	1	6	7	0	8	2670	0	10000	3	1	2.05
0	1	3	2	1	1	32	249	86	1	2	124	4466	444	5	2	50	429	141	2	0	5	2	7	1	19	3925	0	10000	3	1	1.15
0	0	6	2	1	0	27	198	73	4	1	108	3501	367	7	2	34	272	87	4	0	4	4	1	0	14	5283	0	10000	3	1	0.25
0	0	4	3	0	2	19	180	67	1	0	83	2563	257	4	0	27	202	84	0	0	0	6	4	0	22	6472	0	10000	3	1	-0.65
0	1	3	2	0	0	21	132	41	2	2	65	1885	202	2	0	26	185	60	3	0	1	3	1	0	24	7339	0	10000	3	1	-1.55
0	0	2	0	0	0	14	93	30	1	1	49	1389	175	2	0	18	130	33	0	0	0	2	0	0	36	8025	0	10000	3	1	-2.45
0	0	1	1	0	0	11	87	31	0	1	45	1012	120	2	0	19	115	35	1	0	2	2	2	0	40	8473	0	10000	3	1	-3.35
0	1	1	0	0	0	13	71	24	0	1	34	764	103	1	0	11	88	20	0	0	2	2	0	0	55	8809	0	10000	3	1	-4.25
0	1	0	1	0	0	6	44	15	0	1	15	544	87	2	1	9	71	18	0	0	0	5	2	0	79	9099	0	10000	3	1	-5.15
0	0	1	0	0	1	5	44	11	0	0	18	432	56	0	1	4	55	14	0	0	0	0	2	0	93	9263	0	10000	3	1	-6.05
0	0	0	0	0	0	3	32	7	0	0	23	321	48	2	0	6	38	14	0	0	1	2	0	0	145	9358	0	10000	3	1	-6.95
0	0	1	1	0	0	3	13	8	0	1	15	246	52	1	0	1	40	16	0	0	0	0	1	0	199	9402	0	10000	3	1	-7.85
0	0	1	0	0	0	1	17	8	0	0	15	156	34	1	0	5	29	5	0	0	0	0	0	0	252	9476	0	10000	3	1	-8.75
0	0	0	0	0	0	3	11	3	0	0	6	121	22	0	0	2	20	8	0	0	0	0	0	0	319	9485	0	10000	3	1	-9.65
0	0	0	0	0	0	2	8	4	0	0	5	87	15	0	0	3	13	2	1	0	0	0	0	0	465	9395	0	10000	3	1	-10.55
0	0	2	0	0	0	2	7	2	1	0	2	61	10	0	0	1	15	0	0	0	0	0	0	0	605	9292	0	10000	3	1	-11.45
0	0	1	0	0	0	0	8	2	0	0	4	59	7	0	0	2	9	1	0	0	0	1	0	0	835	9071	0	10000	3	1	-12.35
0	0	1	0	0	0	0	9	1	0	0	3	30	6	0	0	1	8	2	0	0	0	0	0	0	1063	8876	0	10000	3	1	-13.25
0	0	0	0	0	0	1	2	2	0	0	0	21	8	0	1	0	5	1	0	0	0	0	0	0	1366	8593	0	10000	3	1	-14.15
0	0	0	0	0	0	1	2	1	0	0	2	22	1	0	0	1	2	1	0	0	0	0	0	0	1741	8226	0	10000	3	1	-15.05
0	0	0	0	0	0	1	2	0	0	0	0	15	2	0	0	1	3	2	0	0	0	0	0	0	2408	7566	0	10000	3	1	-15.95
0	0	0	0	0	0	0	3	0	0	0	1	8	5	0	0	0	2	0	0	0	0	0	0	0	3304	6677	0	10000	3	1	-16.85
0	0	0	0	0	0	0	0	1	0	0	1	9	1	0	0	0	2	2	0	0	0	0	0	0	4295	5689	0	10000	3	1	-17.75
0	0	0	0	0	0	1	1	0	0	0	0	3	2	0	0	0	3	0	0	0	0	0	0	0	5750	4240	0	10000	3	1	-18.65
0	0	0	0	0	0	0	0	0	0	0	1	2	2	0	0	0	0	0	0	0	0	0	0	0	7293	2702	0	10000	3	1	-19.55
