50	
0	0	1	0	0	1	8	47	43	2	0	82	4012	903	14	0	96	3700	921	14	0	5	29	41	1	7	73	0	10000	7	13	24.55
0	0	0	0	0	0	7	44	34	4	1	82	4063	1010	18	0	79	3600	872	11	0	6	38	46	2	7	76	0	10000	7	13	23.65
0	1	1	0	0	1	10	52	36	1	3	108	4050	946	12	0	98	3618	904	14	2	4	31	29	2	4	73	0	10000	7	13	22.75
0	0	1	1	0	0	7	45	39	2	0	107	4117	947	12	2	81	3594	870	12	0	12	43	35	3	8	62	0	10000	7	13	21.85
0	1	1	1	0	0	6	38	34	1	1	89	4040	969	9	2	80	3646	909	8	0	10	51	30	0	9	65	0	10000	7	13	20.95
0	1	3	0	0	0	8	47	46	2	1	79	4028	959	18	3	82	3640	902	17	0	8	44	41	2	8	61	0	10000	7	13	20.05
0	1	2	1	0	0	8	59	42	2	1	99	4068	898	10	0	83	3664	887	18	0	2	40	34	2	4	75	0	10000	7	13	19.15
0	0	0	0	1	1	9	46	46	0	3	80	4049	939	11	2	70	3632	916	8	1	8	42	37	1	4	94	0	10000	7	13	18.25
0	0	1	1	0	1	3	38	29	2	1	102	4066	996	9	0	70	3556	928	16	0	6	55	35	3	10	72	0	10000	7	13	17.35
0	0	2	2	0	0	6	65	40	4	1	90	4028	966	10	1	105	3576	902	11	0	7	48	37	1	8	90	0	10000	7	13	16.45
0	0	3	0	0	0	9	48	41	2	2	85	3992	1028	15	1	78	3547	932	13	0	8	52	35	0	9	100	0	10000	7	13	15.55
0	0	0	0	0	1	4	56	44	2	0	104	4007	959	15	1	112	3604	879	14	0	6	51	26	0	9	106	0	10000	7	13	14.65
0	0	2	0	0	0	12	78	40	2	0	117	3932	985	10	2	103	3530	951	14	1	8	60	38	4	10	101	0	10000	7	13	13.75
0	1	1	0	0	0	6	47	49	1	2	98	3986	1007	15	2	98	3474	956	19	1	3	54	46	1	11	122	0	10000	7	13	12.85
0	0	0	0	0	0	13	65	31	3	1	98	3895	1000	7	0	113	3621	898	12	1	5	46	36	2	9	144	0	10000	7	13	11.95
0	1	1	1	0	0	9	71	65	1	1	112	3848	1003	13	1	95	3517	984	19	0	2	56	40	3	12	145	0	10000	7	13	11.05
0	1	0	0	0	0	13	75	49	1	1	90	3763	1058	10	1	131	3565	922	16	0	7	58	37	1	11	190	0	10000	7	13	10.15
0	1	0	1	0	1	10	95	45	3	2	121	3723	1012	17	0	115	3495	1017	21	2	6	63	55	1	11	183	0	10000	7	13	9.25
0	0	2	0	2	0	12	72	44	1	5	123	3778	1002	9	2	104	3542	934	10	0	9	61	35	3	12	238	0	10000	7	13	8.35
0	0	1	3	1	0	11	72	50	3	5	117	3723	1043	14	2	119	3423	999	20	0	11	54	44	2	10	273	0	10000	7	13	7.45
0	0	1	1	0	0	9	61	54	4	2	141	3737	1005	11	5	101	3437	953	14	0	6	70	38	0	11	339	0	10000	7	13	6.55
0	0	0	2	0	0	6	75	49	5	1	121	3572	1082	19	2	122	3426	1017	15	0	4	61	40	5	11	365	0	10000	7	13	5.65
0	1	2	0	0	1	15	79	51	4	1	115	3541	1036	14	3	127	3304	1046	21	2	8	59	40	5	12	513	0	10000	7	13	4.75
0	0	2	0	0	0	10	73	39	0	0	124	3393	1030	14	1	102	3130	944	17	2	12	51	37	1	13	1005	0	10000	7	13	3.85
0	0	1	0	0	0	8	50	50	4	1	102	3033	923	23	5	113	2987	901	13	0	7	66	32	1	16	1664	0	10000	7	13	2.95
0	0	1	0	0	0	7	63	44	2	1	89	2753	852	6	2	94	2489	781	7	0	11	52	30	3	23	2690	0	10000	7	13	2.05
0	0	0	1	0	0	6	46	34	4	1	70	2225	693	10	2	85	2186	625	8	0	6	35	25	1	21	3916	0	10000	7	13	1.15
0	0	2	0	0	0	8	34	25	1	0	66	1651	536	8	0	62	1666	499	13	0	3	40	10	0	27	5349	0	10000	7	13	0.25
0	0	1	0	0	0	5	29	12	2	0	56	1313	380	5	0	39	1188	396	7	0	4	29	12	1	16	6505	0	10000	7	13	-0.65
0	0	1	3	0	0	4	23	23	0	0	43	956	295	4	1	44	888	267	6	0	0	11	15	1	36	7379	0	10000	7	13	-1.55
0	1	0	0	0	1	2	23	11	0	1	36	711	241	1	1	29	679	221	4	0	1	11	9	1	38	7978	0	10000	7	13	-2.45
0	0	0	0	0	0	2	12	8	0	1	21	503	194	3	0	24	518	156	4	0	2	16	10	0	37	8489	0	10000	7	13	-3.35
0	0	1	0	0	0	2	6	7	0	0	19	375	143	1	0	15	380	142	1	0	2	5	5	0	65	8831	0	10000	7	13	-4.25
0	0	0	0	0	0	1	15	5	0	0	21	267	118	3	0	11	276	87	3	0	3	8	1	0	83	9098	0	10000	7	13	-5.15
0	0	0	0	0	0	0	4	2	1	0	8	245	96	1	1	7	208	77	0	0	1	6	4	0	107	9232	0	10000	7	13	-6.05
0	0	0	0	0	0	0	3	3	0	0	8	155	62	1	0	8	164	64	1	0	1	4	4	0	136	9386	0	10000	7	13	-6.95
0	0	0	0	0	0	1	3	3	0	0	3	122	53	2	0	4	110	40	0	0	1	2	3	0	195	9458	0	10000	7	13	-7.85
0	0	0	0	0	1	0	5	2	0	0	7	93	43	0	0	5	93	29	0	0	0	5	1	0	233	9483	0	10000	7	13	-8.75
0	0	0	0	0	0	0	3	0	0	0	1	66	27	1	0	1	77	21	0	0	0	1	0	0	351	9451	0	10000	7	13	-9.65
0	0	0	0	0	0	1	1	0	0	0	2	53	28	0	0	2	41	23	0	0	1	1	1	0	471	9375	0	10000	7	13	-10.55
0	0	0	0	0	0	1	2	1	0	0	2	31	8	0	0	2	35	7	0	0	0	0	0	0	588	9323	0	10000	7	13	-11.45
0	0	1	0	0	0	1	1	0	0	0	2	24	16	0	0	1	18	14	0	0	0	0	2	0	828	9092	0	10000	7	13	-12.35
0	0	0	0	0	0	0	1	1	0	0	3	13	9	0	0	0	21	5	0	0	0	1	1	0	1036	8909	0	10000	7	13	-13.25
0	0	0	0	0	0	0	1	0	0	0	0	17	10	0	0	1	23	7	0	0	0	3	0	0	1388	8550	0	10000	7	13	-14.15
0	0	0	0	0	0	0	2	0	0	0	0	7	7	0	0	1	9	6	0	0	0	0	1	0	1843	8124	0	10000	7	13	-15.05
0	0	0	0	0	0	0	0	0	0	0	2	9	6	0	0	0	11	5	0	0	0	0	0	0	2422	7545	0	10000	7	13	-15.95
0	0	0	0	0	0	0	0	0	0	0	0	4	5	0	0	0	4	6	0	0	0	1	0	0	3316	6664	0	10000	7	13	-16.85
0	0	0	0	0	0	0	0	0	0	0	0	5	1	0	0	1	3	2	0	0	0	0	0	0	4267	5721	0	10000	7	13	-17.75
0	0	0	0	0	0	0	0	0	0	0	1	2	0	0	0	0	3	1	0	0	0	0	0	0	5785	4208	0	10000	7	13	-18.65
0	0	0	0	0	0	0	0	0	0	0	0	2	1	0	0	0	3	1	0	0	0	0	0	0	7310	2683	0	10000	7	13	-19.55
