0 0 1
0 0.25 1
0 0.5 1
0 0.75 1
0 1 1
0 1.25 1
0 1.5 1
0 1.75 1
0 2 1
0 2.25 1
0 2.5 1
0 2.75 1
0 3 1
0 3.25 1
0 3.5 1
0 3.75 1
0 4 1
0 4.25 1
0 4.5 1
0 4.75 1
0 5 1
0 5.25 1
0 5.5 1
0 5.75 1
0 6 1
0 6.25 1
0 6.5 1
0 6.75 1
0 7 0.979847
0 7.25 0.813754
0 7.5 0.528344
0 7.75 0.265244
0 8 0.0290801
0 8.25 0.000652808
0 8.5 0.000290108
0 8.75 0.000172356
0 9 0.000103194
0 9.25 6.28704e-05
0 9.5 3.93567e-05
0 9.75 2.50113e-05
0 10 1.61499e-05
0 10.25 1.05126e-05
0 10.5 6.87109e-06
0 10.75 4.51106e-06
0 11 2.97303e-06
0 11.25 1.96314e-06
0 11.5 1.29481e-06
0 11.75 8.55857e-07
0 12 5.68532e-07
0 12.25 3.74857e-07
0 12.5 2.49069e-07
0 12.75 1.65346e-07
0 13 1.09431e-07
0 13.25 7.23905e-08
0 13.5 4.7992e-08
0 13.75 3.15976e-08
0 14 2.09025e-08
0 14.25 1.37986e-08
0 14.5 9.14974e-09
0 14.75 6.06108e-09
0 15 4.00634e-09
0.25 0 1
0.25 0.25 1
0.25 0.5 1
0.25 0.75 1
0.25 1 1
0.25 1.25 1
0.25 1.5 1
0.25 1.75 1
0.25 2 1
0.25 2.25 1
0.25 2.5 1
0.25 2.75 1
0.25 3 1
0.25 3.25 1
0.25 3.5 1
0.25 3.75 1
0.25 4 1
0.25 4.25 1
0.25 4.5 1
0.25 4.75 1
0.25 5 1
0.25 5.25 1
0.25 5.5 1
0.25 5.75 1
0.25 6 1
0.25 6.25 1
0.25 6.5 1
0.25 6.75 1
0.25 7 0.979771
0.25 7.25 0.814087
0.25 7.5 0.528898
0.25 7.75 0.265286
0.25 8 0.0295499
0.25 8.25 0.000660552
0.25 8.5 0.000289402
0.25 8.75 0.000172111
0.25 9 0.0001029
0.25 9.25 6.28197e-05
0.25 9.5 3.94037e-05
0.25 9.75 2.49654e-05
0.25 10 1.61255e-05
0.25 10.25 1.04802e-05
0.25 10.5 6.86413e-06
0.25 10.75 4.50416e-06
0.25 11 2.96397e-06
0.25 11.25 1.95808e-06
0.25 11.5 1.2894e-06
0.25 11.75 8.54751e-07
0.25 12 5.65494e-07
0.25 12.25 3.7492e-07
0.25 12.5 2.4842e-07
0.25 12.75 1.64321e-07
0.25 13 1.09134e-07
0.25 13.25 7.22108e-08
0.25 13.5 4.76967e-08
0.25 13.75 3.1524e-08
0.25 14 2.08309e-08
0.25 14.25 1.37911e-08
0.25 14.5 9.13588e-09
0.25 14.75 6.04691e-09
0.25 15 3.98992e-09
0.5 0 1
0.5 0.25 1
0.5 0.5 1
0.5 0.75 1
0.5 1 1
0.5 1.25 1
0.5 1.5 1
0.5 1.75 1
0.5 2 1
0.5 2.25 1
0.5 2.5 1
0.5 2.75 1
0.5 3 1
0.5 3.25 1
0.5 3.5 1
0.5 3.75 1
0.5 4 1
0.5 4.25 1
0.5 4.5 1
0.5 4.75 1
0.5 5 1
0.5 5.25 1
0.5 5.5 1
0.5 5.75 1
0.5 6 1
0.5 6.25 1
0.5 6.5 1
0.5 6.75 1
0.5 7 0.979949
0.5 7.25 0.814947
0.5 7.5 0.529718
0.5 7.75 0.265826
0.5 8 0.0296649
0.5 8.25 0.000653792
0.5 8.5 0.000288603
0.5 8.75 0.000171456
0.5 9 0.000102565
0.5 9.25 6.25406e-05
0.5 9.5 3.90416e-05
0.5 9.75 2.48606e-05
0.5 10 1.59825e-05
0.5 10.25 1.03734e-05
0.5 10.5 6.7957e-06
0.5 10.75 4.46017e-06
0.5 11 2.93399e-06
0.5 11.25 1.94172e-06
0.5 11.5 1.28261e-06
0.5 11.75 8.45843e-07
0.5 12 5.60415e-07
0.5 12.25 3.7071e-07
0.5 12.5 2.45639e-07
0.5 12.75 1.62811e-07
0.5 13 1.0788e-07
0.5 13.25 7.12309e-08
0.5 13.5 4.71065e-08
0.5 13.75 3.11589e-08
0.5 14 2.06422e-08
0.5 14.25 1.3657e-08
0.5 14.5 9.05812e-09
0.5 14.75 5.99381e-09
0.5 15 3.96223e-09
0.75 0 1
0.75 0.25 1
0.75 0.5 1
0.75 0.75 1
0.75 1 1
0.75 1.25 1
0.75 1.5 1
0.75 1.75 1
0.75 2 1
0.75 2.25 1
0.75 2.5 1
0.75 2.75 1
0.75 3 1
0.75 3.25 1
0.75 3.5 1
0.75 3.75 1
0.75 4 1
0.75 4.25 1
0.75 4.5 1
0.75 4.75 1
0.75 5 1
0.75 5.25 1
0.75 5.5 1
0.75 5.75 1
0.75 6 1
0.75 6.25 1
0.75 6.5 1
0.75 6.75 1
0.75 7 0.980153
0.75 7.25 0.815134
0.75 7.5 0.529873
0.75 7.75 0.266371
0.75 8 0.0295315
0.75 8.25 0.000652367
0.75 8.5 0.000287067
0.75 8.75 0.00016966
0.75 9 0.000101432
0.75 9.25 6.18884e-05
0.75 9.5 3.86629e-05
0.75 9.75 2.45393e-05
0.75 10 1.57572e-05
0.75 10.25 1.0254e-05
0.75 10.5 6.69159e-06
0.75 10.75 4.3896e-06
0.75 11 2.89455e-06
0.75 11.25 1.91201e-06
0.75 11.5 1.25921e-06
0.75 11.75 8.32014e-07
0.75 12 5.52028e-07
0.75 12.25 3.64442e-07
0.75 12.5 2.4103e-07
0.75 12.75 1.59843e-07
0.75 13 1.05877e-07
0.75 13.25 6.99738e-08
0.75 13.5 4.62958e-08
0.75 13.75 3.06206e-08
0.75 14 2.02744e-08
0.75 14.25 1.34491e-08
0.75 14.5 8.9013e-09
0.75 14.75 5.89525e-09
0.75 15 3.89562e-09
1 0 1
1 0.25 1
1 0.5 1
1 0.75 1
1 1 1
1 1.25 1
1 1.5 1
1 1.75 1
1 2 1
1 2.25 1
1 2.5 1
1 2.75 1
1 3 1
1 3.25 1
1 3.5 1
1 3.75 1
1 4 1
1 4.25 1
1 4.5 1
1 4.75 1
1 5 1
1 5.25 1
1 5.5 1
1 5.75 1
1 6 1
1 6.25 1
1 6.5 1
1 6.75 1
1 7 0.980527
1 7.25 0.815654
1 7.5 0.530313
1 7.75 0.266496
1 8 0.0294914
1 8.25 0.000669396
1 8.5 0.000285806
1 8.75 0.000168249
1 9 0.000100187
1 9.25 6.0974e-05
1 9.5 3.79325e-05
1 9.75 2.40501e-05
1 10 1.54636e-05
1 10.25 1.0015e-05
1 10.5 6.51874e-06
1 10.75 4.29641e-06
1 11 2.8262e-06
1 11.25 1.864e-06
1 11.5 1.23018e-06
1 11.75 8.13368e-07
1 12 5.3869e-07
1 12.25 3.55536e-07
1 12.5 2.35666e-07
1 12.75 1.56036e-07
1 13 1.03427e-07
1 13.25 6.83604e-08
1 13.5 4.52681e-08
1 13.75 2.99075e-08
1 14 1.98389e-08
1 14.25 1.3148e-08
1 14.5 8.69486e-09
1 14.75 5.77304e-09
1 15 3.81323e-09
1.25 0 1
1.25 0.25 1
1.25 0.5 1
1.25 0.75 1
1.25 1 1
1.25 1.25 1
1.25 1.5 1
1.25 1.75 1
1.25 2 1
1.25 2.25 1
1.25 2.5 1
1.25 2.75 1
1.25 3 1
1.25 3.25 1
1.25 3.5 1
1.25 3.75 1
1.25 4 1
1.25 4.25 1
1.25 4.5 1
1.25 4.75 1
1.25 5 1
1.25 5.25 1
1.25 5.5 1
1.25 5.75 1
1.25 6 1
1.25 6.25 1
1.25 6.5 1
1.25 6.75 1
1.25 7 0.980352
1.25 7.25 0.816266
1.25 7.5 0.53151
1.25 7.75 0.26756
1.25 8 0.030051
1.25 8.25 0.000665665
1.25 8.5 0.000281392
1.25 8.75 0.000165923
1.25 9 9.81288e-05
1.25 9.25 5.95707e-05
1.25 9.5 3.70881e-05
1.25 9.75 2.34609e-05
1.25 10 1.50067e-05
1.25 10.25 9.72447e-06
1.25 10.5 6.33944e-06
1.25 10.75 4.15959e-06
1.25 11 2.73736e-06
1.25 11.25 1.80323e-06
1.25 11.5 1.19027e-06
1.25 11.75 7.8766e-07
1.25 12 5.20499e-07
1.25 12.25 3.44987e-07
1.25 12.5 2.2829e-07
1.25 12.75 1.51206e-07
1.25 13 1.00185e-07
1.25 13.25 6.62059e-08
1.25 13.5 4.38709e-08
1.25 13.75 2.90188e-08
1.25 14 1.92468e-08
1.25 14.25 1.27641e-08
1.25 14.5 8.43292e-09
1.25 14.75 5.59043e-09
1.25 15 3.70195e-09
1.5 0 1
1.5 0.25 1
1.5 0.5 1
1.5 0.75 1
1.5 1 1
1.5 1.25 1
1.5 1.5 1
1.5 1.75 1
1.5 2 1
1.5 2.25 1
1.5 2.5 1
1.5 2.75 1
1.5 3 1
1.5 3.25 1
1.5 3.5 1
1.5 3.75 1
1.5 4 1
1.5 4.25 1
1.5 4.5 1
1.5 4.75 1
1.5 5 1
1.5 5.25 1
1.5 5.5 1
1.5 5.75 1
1.5 6 1
1.5 6.25 1
1.5 6.5 1
1.5 6.75 1
1.5 7 0.980634
1.5 7.25 0.816933
1.5 7.5 0.530588
1.5 7.75 0.267225
1.5 8 0.0304991
1.5 8.25 0.000637314
1.5 8.5 0.000275445
1.5 8.75 0.000162033
1.5 9 9.56282e-05
1.5 9.25 5.76945e-05
1.5 9.5 3.5827e-05
1.5 9.75 2.26399e-05
1.5 10 1.44512e-05
1.5 10.25 9.37645e-06
1.5 10.5 6.0967e-06
1.5 10.75 3.99455e-06
1.5 11 2.62904e-06
1.5 11.25 1.73068e-06
1.5 11.5 1.14e-06
1.5 11.75 7.56652e-07
1.5 12 4.99924e-07
1.5 12.25 3.31118e-07
1.5 12.5 2.19225e-07
1.5 12.75 1.45367e-07
1.5 13 9.6234e-08
1.5 13.25 6.36668e-08
1.5 13.5 4.21898e-08
1.5 13.75 2.797e-08
1.5 14 1.85308e-08
1.5 14.25 1.22686e-08
1.5 14.5 8.12076e-09
1.5 14.75 5.38298e-09
1.5 15 3.56357e-09
1.75 0 1
1.75 0.25 1
1.75 0.5 1
1.75 0.75 1
1.75 1 1
1.75 1.25 1
1.75 1.5 1
1.75 1.75 1
1.75 2 1
1.75 2.25 1
1.75 2.5 1
1.75 2.75 1
1.75 3 1
1.75 3.25 1
1.75 3.5 1
1.75 3.75 1
1.75 4 1
1.75 4.25 1
1.75 4.5 1
1.75 4.75 1
1.75 5 1
1.75 5.25 1
1.75 5.5 1
1.75 5.75 1
1.75 6 1
1.75 6.25 1
1.75 6.5 1
1.75 6.75 1
1.75 7 0.981086
1.75 7.25 0.817233
1.75 7.5 0.53147
1.75 7.75 0.267983
1.75 8 0.0300862
1.75 8.25 0.000627916
1.75 8.5 0.000267854
1.75 8.75 0.000156108
1.75 9 9.18992e-05
1.75 9.25 5.52619e-05
1.75 9.5 3.41446e-05
1.75 9.75 2.15639e-05
1.75 10 1.37996e-05
1.75 10.25 8.90391e-06
1.75 10.5 5.82144e-06
1.75 10.75 3.80987e-06
1.75 11 2.49414e-06
1.75 11.25 1.64521e-06
1.75 11.5 1.08476e-06
1.75 11.75 7.18343e-07
1.75 12 4.76118e-07
1.75 12.25 3.14237e-07
1.75 12.5 2.08373e-07
1.75 12.75 1.38298e-07
1.75 13 9.16613e-08
1.75 13.25 6.07729e-08
1.75 13.5 4.03112e-08
1.75 13.75 2.67022e-08
1.75 14 1.76652e-08
1.75 14.25 1.17007e-08
1.75 14.5 7.75771e-09
1.75 14.75 5.14584e-09
1.75 15 3.41167e-09
2 0 1
2 0.25 1
2 0.5 1
2 0.75 1
2 1 1
2 1.25 1
2 1.5 1
2 1.75 1
2 2 1
2 2.25 1
2 2.5 1
2 2.75 1
2 3 1
2 3.25 1
2 3.5 1
2 3.75 1
2 4 1
2 4.25 1
2 4.5 1
2 4.75 1
2 5 1
2 5.25 1
2 5.5 1
2 5.75 1
2 6 1
2 6.25 1
2 6.5 1
2 6.75 1
2 7 0.981175
2 7.25 0.816521
2 7.5 0.53148
2 7.75 0.267644
2 8 0.0300615
2 8.25 0.000601171
2 8.5 0.000253451
2 8.75 0.000148114
2 9 8.67404e-05
2 9.25 5.23103e-05
2 9.5 3.2182e-05
2 9.75 2.03049e-05
2 10 1.29653e-05
2 10.25 8.39494e-06
2 10.5 5.46751e-06
2 10.75 3.58103e-06
2 11 2.34704e-06
2 11.25 1.54697e-06
2 11.5 1.02132e-06
2 11.75 6.76506e-07
2 12 4.46278e-07
2 12.25 2.95476e-07
2 12.5 1.95918e-07
2 12.75 1.30182e-07
2 13 8.65635e-08
2 13.25 5.74203e-08
2 13.5 3.80905e-08
2 13.75 2.52648e-08
2 14 1.67541e-08
2 14.25 1.1097e-08
2 14.5 7.35289e-09
2 14.75 4.88244e-09
2 15 3.23725e-09
2.25 0 1
2.25 0.25 1
2.25 0.5 1
2.25 0.75 1
2.25 1 1
2.25 1.25 1
2.25 1.5 1
2.25 1.75 1
2.25 2 1
2.25 2.25 1
2.25 2.5 1
2.25 2.75 1
2.25 3 1
2.25 3.25 1
2.25 3.5 1
2.25 3.75 1
2.25 4 1
2.25 4.25 1
2.25 4.5 1
2.25 4.75 1
2.25 5 1
2.25 5.25 1
2.25 5.5 1
2.25 5.75 1
2.25 6 1
2.25 6.25 1
2.25 6.5 1
2.25 6.75 1
2.25 7 0.98058
2.25 7.25 0.816176
2.25 7.5 0.531034
2.25 7.75 0.267527
2.25 8 0.0304837
2.25 8.25 0.000587324
2.25 8.5 0.000235738
2.25 8.75 0.000137164
2.25 9 8.0354e-05
2.25 9.25 4.8458e-05
2.25 9.5 2.97708e-05
2.25 9.75 1.87908e-05
2.25 10 1.20512e-05
2.25 10.25 7.78881e-06
2.25 10.5 5.07603e-06
2.25 10.75 3.32578e-06
2.25 11 2.18507e-06
2.25 11.25 1.44165e-06
2.25 11.5 9.52205e-07
2.25 11.75 6.31015e-07
2.25 12 4.17251e-07
2.25 12.25 2.75925e-07
2.25 12.5 1.82966e-07
2.25 12.75 1.217e-07
2.25 13 8.11237e-08
2.25 13.25 5.37728e-08
2.25 13.5 3.57598e-08
2.25 13.75 2.37595e-08
2.25 14 1.57144e-08
2.25 14.25 1.04423e-08
2.25 14.5 6.93047e-09
2.25 14.75 4.59844e-09
2.25 15 3.0509e-09
2.5 0 0.980127
2.5 0.25 0.980158
2.5 0.5 0.979971
2.5 0.75 0.980035
2.5 1 0.979972
2.5 1.25 0.980005
2.5 1.5 0.980057
2.5 1.75 0.97999
2.5 2 0.980083
2.5 2.25 0.979835
2.5 2.5 0.979862
2.5 2.75 0.979752
2.5 3 0.979818
2.5 3.25 0.979874
2.5 3.5 0.980083
2.5 3.75 0.980079
2.5 4 0.979901
2.5 4.25 0.980054
2.5 4.5 0.97986
2.5 4.75 0.979906
2.5 5 0.979831
2.5 5.25 0.980167
2.5 5.5 0.980022
2.5 5.75 0.979946
2.5 6 0.980309
2.5 6.25 0.980301
2.5 6.5 0.980691
2.5 6.75 0.980789
2.5 7 0.959017
2.5 7.25 0.796588
2.5 7.5 0.516785
2.5 7.75 0.264176
2.5 8 0.0304522
2.5 8.25 0.000539451
2.5 8.5 0.000211227
2.5 8.75 0.000123055
2.5 9 7.2379e-05
2.5 9.25 4.36707e-05
2.5 9.5 2.70072e-05
2.5 9.75 1.70897e-05
2.5 10 1.09336e-05
2.5 10.25 7.08983e-06
2.5 10.5 4.65033e-06
2.5 10.75 3.03773e-06
2.5 11 2.00231e-06
2.5 11.25 1.32485e-06
2.5 11.5 8.77064e-07
2.5 11.75 5.81403e-07
2.5 12 3.85578e-07
2.5 12.25 2.55383e-07
2.5 12.5 1.6979e-07
2.5 12.75 1.12932e-07
2.5 13 7.51162e-08
2.5 13.25 5.00289e-08
2.5 13.5 3.32747e-08
2.5 13.75 2.20944e-08
2.5 14 1.46565e-08
2.5 14.25 9.74569e-09
2.5 14.5 6.46762e-09
2.5 14.75 4.3061e-09
2.5 15 2.85909e-09
2.75 0 0.816007
2.75 0.25 0.815241
2.75 0.5 0.814922
2.75 0.75 0.815334
2.75 1 0.815852
2.75 1.25 0.815613
2.75 1.5 0.815779
2.75 1.75 0.815412
2.75 2 0.81539
2.75 2.25 0.814271
2.75 2.5 0.813902
2.75 2.75 0.813877
2.75 3 0.81431
2.75 3.25 0.815032
2.75 3.5 0.815243
2.75 3.75 0.815444
2.75 4 0.814631
2.75 4.25 0.814282
2.75 4.5 0.813697
2.75 4.75 0.814088
2.75 5 0.814073
2.75 5.25 0.813662
2.75 5.5 0.813246
2.75 5.75 0.813321
2.75 6 0.813713
2.75 6.25 0.813821
2.75 6.5 0.814742
2.75 6.75 0.813998
2.75 7 0.797309
2.75 7.25 0.647806
2.75 7.5 0.419011
2.75 7.75 0.234469
2.75 8 0.0237496
2.75 8.25 0.000457151
2.75 8.5 0.000180591
2.75 8.75 0.000106597
2.75 9 6.29264e-05
2.75 9.25 3.83219e-05
2.75 9.5 2.39712e-05
2.75 9.75 1.51626e-05
2.75 10 9.77388e-06
2.75 10.25 6.35784e-06
2.75 10.5 4.17073e-06
2.75 10.75 2.74812e-06
2.75 11 1.81508e-06
2.75 11.25 1.2054e-06
2.75 11.5 7.98091e-07
2.75 11.75 5.29873e-07
2.75 12 3.51977e-07
2.75 12.25 2.33689e-07
2.75 12.5 1.55716e-07
2.75 12.75 1.03725e-07
2.75 13 6.91715e-08
2.75 13.25 4.59582e-08
2.75 13.5 3.06079e-08
2.75 13.75 2.03446e-08
2.75 14 1.35515e-08
2.75 14.25 9.02199e-09
2.75 14.5 5.99889e-09
2.75 14.75 3.99334e-09
2.75 15 2.65641e-09
3 0 0.524719
3 0.25 0.524348
3 0.5 0.524684
3 0.75 0.524495
3 1 0.524227
3 1.25 0.524675
3 1.5 0.52547
3 1.75 0.523868
3 2 0.523926
3 2.25 0.523957
3 2.5 0.522724
3 2.75 0.522894
3 3 0.523011
3 3.25 0.523492
3 3.5 0.523517
3 3.75 0.524463
3 4 0.523478
3 4.25 0.52328
3 4.5 0.5233
3 4.75 0.522815
3 5 0.522434
3 5.25 0.522083
3 5.5 0.522131
3 5.75 0.52138
3 6 0.521349
3 6.25 0.522956
3 6.5 0.523779
3 6.75 0.522631
3 7 0.511212
3 7.25 0.419563
3 7.5 0.258818
3 7.75 0.136226
3 8 0.0164493
3 8.25 0.000251341
3 8.5 0.000147968
3 8.75 8.80514e-05
3 9 5.29674e-05
3 9.25 3.26993e-05
3 9.5 2.05255e-05
3 9.75 1.313e-05
3 10 8.52794e-06
3 10.25 5.58947e-06
3 10.5 3.67875e-06
3 10.75 2.43998e-06
3 11 1.62141e-06
3 11.25 1.07562e-06
3 11.5 7.17037e-07
3 11.75 4.76906e-07
3 12 3.17661e-07
3 12.25 2.11479e-07
3 12.5 1.41133e-07
3 12.75 9.40606e-08
3 13 6.28714e-08
3 13.25 4.18863e-08
3 13.5 2.79514e-08
3 13.75 1.86354e-08
3 14 1.24291e-08
3 14.25 8.29484e-09
3 14.5 5.51327e-09
3 14.75 3.67441e-09
3 15 2.45028e-09
3.25 0 0.251099
3.25 0.25 0.250583
3.25 0.5 0.251073
3.25 0.75 0.250406
3.25 1 0.251149
3.25 1.25 0.250657
3.25 1.5 0.250968
3.25 1.75 0.250975
3.25 2 0.249721
3.25 2.25 0.249643
3.25 2.5 0.248569
3.25 2.75 0.248352
3.25 3 0.248837
3.25 3.25 0.249249
3.25 3.5 0.249589
3.25 3.75 0.250417
3.25 4 0.249435
3.25 4.25 0.249374
3.25 4.5 0.249127
3.25 4.75 0.248834
3.25 5 0.248461
3.25 5.25 0.247937
3.25 5.5 0.247582
3.25 5.75 0.247354
3.25 6 0.247871
3.25 6.25 0.248251
3.25 6.5 0.248428
3.25 6.75 0.248516
3.25 7 0.246395
3.25 7.25 0.21807
3.25 7.5 0.121357
3.25 7.75 0.0469644
3.25 8 0.00700722
3.25 8.25 0.000168857
3.25 8.5 0.000113943
3.25 8.75 6.94263e-05
3.25 9 4.27767e-05
3.25 9.25 2.68678e-05
3.25 9.5 1.72071e-05
3.25 9.75 1.11108e-05
3.25 10 7.29506e-06
3.25 10.25 4.81965e-06
3.25 10.5 3.19012e-06
3.25 10.75 2.12948e-06
3.25 11 1.42179e-06
3.25 11.25 9.4678e-07
3.25 11.5 6.33513e-07
3.25 11.75 4.22803e-07
3.25 12 2.82614e-07
3.25 12.25 1.88631e-07
3.25 12.5 1.26292e-07
3.25 12.75 8.435e-08
3.25 13 5.65271e-08
3.25 13.25 3.77925e-08
3.25 13.5 2.52402e-08
3.25 13.75 1.68728e-08
3.25 14 1.12819e-08
3.25 14.25 7.51695e-09
3.25 14.5 5.03658e-09
3.25 14.75 3.35314e-09
3.25 15 2.23757e-09
3.5 0 0.0282531
3.5 0.25 0.0283858
3.5 0.5 0.02751
3.5 0.75 0.0284099
3.5 1 0.0283656
3.5 1.25 0.0284157
3.5 1.5 0.0284287
3.5 1.75 0.0279539
3.5 2 0.0277673
3.5 2.25 0.0272239
3.5 2.5 0.0270539
3.5 2.75 0.0268598
3.5 3 0.026998
3.5 3.25 0.0274094
3.5 3.5 0.0277538
3.5 3.75 0.027694
3.5 4 0.0278728
3.5 4.25 0.0269095
3.5 4.5 0.0268655
3.5 4.75 0.026785
3.5 5 0.0270945
3.5 5.25 0.0267914
3.5 5.5 0.0266737
3.5 5.75 0.0269088
3.5 6 0.0268226
3.5 6.25 0.0271617
3.5 6.5 0.0276034
3.5 6.75 0.0279061
3.5 7 0.0268007
3.5 7.25 0.0232782
3.5 7.5 0.0149477
3.5 7.75 0.00595988
3.5 8 0.00066238
3.5 8.25 0.000127249
3.5 8.5 8.34711e-05
3.5 8.75 5.26051e-05
3.5 9 3.33578e-05
3.5 9.25 2.14606e-05
3.5 9.5 1.39958e-05
3.5 9.75 9.21117e-06
3.5 10 6.10773e-06
3.5 10.25 4.07241e-06
3.5 10.5 2.72179e-06
3.5 10.75 1.82194e-06
3.5 11 1.22276e-06
3.5 11.25 8.19542e-07
3.5 11.5 5.51908e-07
3.5 11.75 3.70298e-07
3.5 12 2.48452e-07
3.5 12.25 1.66515e-07
3.5 12.5 1.11944e-07
3.5 12.75 7.49661e-08
3.5 13 5.02826e-08
3.5 13.25 3.3694e-08
3.5 13.5 2.26234e-08
3.5 13.75 1.5154e-08
3.5 14 1.01403e-08
3.5 14.25 6.79466e-09
3.5 14.5 4.54336e-09
3.5 14.75 3.03943e-09
3.5 15 2.02832e-09
3.75 0 0.000577215
3.75 0.25 0.000553431
3.75 0.5 0.000549221
3.75 0.75 0.000543759
3.75 1 0.0005463
3.75 1.25 0.000564549
3.75 1.5 0.000543913
3.75 1.75 0.000543051
3.75 2 0.000540509
3.75 2.25 0.000529256
3.75 2.5 0.000522691
3.75 2.75 0.000518751
3.75 3 0.000530139
3.75 3.25 0.000531981
3.75 3.5 0.000536074
3.75 3.75 0.000538314
3.75 4 0.000516492
3.75 4.25 0.00051553
3.75 4.5 0.000516705
3.75 4.75 0.000507552
3.75 5 0.000507425
3.75 5.25 0.000502484
3.75 5.5 0.000494285
3.75 5.75 0.000506136
3.75 6 0.000489346
3.75 6.25 0.000473765
3.75 6.5 0.000463603
3.75 6.75 0.000441748
3.75 7 0.000416239
3.75 7.25 0.000392132
3.75 7.5 0.000308065
3.75 7.75 0.00015486
3.75 8 0.000126539
3.75 8.25 8.89713e-05
3.75 8.5 5.89419e-05
3.75 8.75 3.84488e-05
3.75 9 2.52175e-05
3.75 9.25 1.66936e-05
3.75 9.5 1.11224e-05
3.75 9.75 7.44151e-06
3.75 10 5.01572e-06
3.75 10.25 3.36656e-06
3.75 10.5 2.27679e-06
3.75 10.75 1.53619e-06
3.75 11 1.03556e-06
3.75 11.25 7.00343e-07
3.75 11.5 4.73415e-07
3.75 11.75 3.19866e-07
3.75 12 2.15521e-07
3.75 12.25 1.45149e-07
3.75 12.5 9.78226e-08
3.75 12.75 6.58179e-08
3.75 13 4.43254e-08
3.75 13.25 2.97493e-08
3.75 13.5 1.99893e-08
3.75 13.75 1.3408e-08
3.75 14 9.04059e-09
3.75 14.25 6.05573e-09
3.75 14.5 4.05621e-09
3.75 14.75 2.72068e-09
3.75 15 1.8235e-09
4 0 0.000290064
4 0.25 0.000289199
4 0.5 0.000288496
4 0.75 0.000288702
4 1 0.000287961
4 1.25 0.000289371
4 1.5 0.000288586
4 1.75 0.000288815
4 2 0.000288728
4 2.25 0.000289091
4 2.5 0.00028779
4 2.75 0.000288782
4 3 0.000287996
4 3.25 0.00028933
4 3.5 0.000287883
4 3.75 0.000288343
4 4 0.000287806
4 4.25 0.000287802
4 4.5 0.000287538
4 4.75 0.000286405
4 5 0.000286425
4 5.25 0.000283864
4 5.5 0.000281221
4 5.75 0.000276819
4 6 0.000271373
4 6.25 0.00026347
4 6.5 0.000252315
4 6.75 0.000233983
4 7 0.000210516
4 7.25 0.00018066
4 7.5 0.000147497
4 7.75 0.000113923
4 8 8.3363e-05
4 8.25 5.86124e-05
4 8.5 4.04398e-05
4 8.75 2.75365e-05
4 9 1.87419e-05
4 9.25 1.27433e-05
4 9.5 8.67633e-06
4 9.75 5.90885e-06
4 10 4.02419e-06
4 10.25 2.74507e-06
4 10.5 1.87222e-06
4 10.75 1.27009e-06
4 11 8.66599e-07
4 11.25 5.9036e-07
4 11.5 4.00683e-07
4 11.75 2.72217e-07
4 12 1.84783e-07
4 12.25 1.24912e-07
4 12.5 8.43988e-08
4 12.75 5.70077e-08
4 13 3.84859e-08
4 13.25 2.59677e-08
4 13.5 1.74879e-08
4 13.75 1.1794e-08
4 14 7.9459e-09
4 14.25 5.36154e-09
4 14.5 3.604e-09
4 14.75 2.41729e-09
4 15 1.62477e-09
4.25 0 0.000172225
4.25 0.25 0.000171627
4.25 0.5 0.000172145
4.25 0.75 0.000171709
4.25 1 0.000171596
4.25 1.25 0.000171943
4.25 1.5 0.000172188
4.25 1.75 0.000172397
4.25 2 0.000172059
4.25 2.25 0.000172253
4.25 2.5 0.000172086
4.25 2.75 0.000172172
4.25 3 0.000171904
4.25 3.25 0.000171411
4.25 3.5 0.000171293
4.25 3.75 0.000171531
4.25 4 0.000170975
4.25 4.25 0.000171291
4.25 4.5 0.000171026
4.25 4.75 0.000170111
4.25 5 0.000169156
4.25 5.25 0.000167783
4.25 5.5 0.000165961
4.25 5.75 0.000162983
4.25 6 0.000159584
4.25 6.25 0.000153839
4.25 6.5 0.000146452
4.25 6.75 0.000136222
4.25 7 0.00012234
4.25 7.25 0.000106179
4.25 7.5 8.75234e-05
4.25 7.75 6.91429e-05
4.25 8 5.21853e-05
4.25 8.25 3.84141e-05
4.25 8.5 2.75423e-05
4.25 8.75 1.94662e-05
4.25 9 1.36717e-05
4.25 9.25 9.54347e-06
4.25 9.5 6.63849e-06
4.25 9.75 4.6022e-06
4.25 10 3.18206e-06
4.25 10.25 2.1919e-06
4.25 10.5 1.51014e-06
4.25 10.75 1.03993e-06
4.25 11 7.13391e-07
4.25 11.25 4.89652e-07
4.25 11.5 3.34405e-07
4.25 11.75 2.29094e-07
4.25 12 1.55768e-07
4.25 12.25 1.06112e-07
4.25 12.5 7.21123e-08
4.25 12.75 4.89571e-08
4.25 13 3.31456e-08
4.25 13.25 2.24763e-08
4.25 13.5 1.51797e-08
4.25 13.75 1.02711e-08
4.25 14 6.94359e-09
4.25 14.25 4.6964e-09
4.25 14.5 3.1606e-09
4.25 14.75 2.13069e-09
4.25 15 1.43327e-09
4.5 0 0.000103552
4.5 0.25 0.000103231
4.5 0.5 0.000103072
4.5 0.75 0.000103525
4.5 1 0.000103373
4.5 1.25 0.000103222
4.5 1.5 0.000103265
4.5 1.75 0.00010352
4.5 2 0.000103229
4.5 2.25 0.000103243
4.5 2.5 0.000103217
4.5 2.75 0.000103373
4.5 3 0.000103284
4.5 3.25 0.000103233
4.5 3.5 0.000103077
4.5 3.75 0.00010274
4.5 4 0.000102711
4.5 4.25 0.000102582
4.5 4.5 0.000102092
4.5 4.75 0.000101838
4.5 5 0.000101093
4.5 5.25 0.000100193
4.5 5.5 9.85765e-05
4.5 5.75 9.65634e-05
4.5 6 9.40333e-05
4.5 6.25 9.05915e-05
4.5 6.5 8.55327e-05
4.5 6.75 7.91452e-05
4.5 7 7.1328e-05
4.5 7.25 6.23263e-05
4.5 7.5 5.22297e-05
4.5 7.75 4.23744e-05
4.5 8 3.31146e-05
4.5 8.25 2.51057e-05
4.5 8.5 1.86261e-05
4.5 8.75 1.36269e-05
4.5 9 9.82343e-06
4.5 9.25 7.0356e-06
4.5 9.5 5.00284e-06
4.5 9.75 3.52141e-06
4.5 10 2.47146e-06
4.5 10.25 1.72486e-06
4.5 10.5 1.2042e-06
4.5 10.75 8.37229e-07
4.5 11 5.79297e-07
4.5 11.25 4.00803e-07
4.5 11.5 2.75913e-07
4.5 11.75 1.89515e-07
4.5 12 1.30121e-07
4.5 12.25 8.88937e-08
4.5 12.5 6.08351e-08
4.5 12.75 4.14956e-08
4.5 13 2.82199e-08
4.5 13.25 1.91772e-08
4.5 13.5 1.30398e-08
4.5 13.75 8.84461e-09
4.5 14 5.99738e-09
4.5 14.25 4.06367e-09
4.5 14.5 2.75101e-09
4.5 14.75 1.86166e-09
4.5 15 1.25406e-09
4.75 0 6.3684e-05
4.75 0.25 6.36311e-05
4.75 0.5 6.35046e-05
4.75 0.75 6.35513e-05
4.75 1 6.35123e-05
4.75 1.25 6.35745e-05
4.75 1.5 6.35374e-05
4.75 1.75 6.35555e-05
4.75 2 6.33968e-05
4.75 2.25 6.33433e-05
4.75 2.5 6.33634e-05
4.75 2.75 6.34107e-05
4.75 3 6.33902e-05
4.75 3.25 6.33748e-05
4.75 3.5 6.3262e-05
4.75 3.75 6.32472e-05
4.75 4 6.2899e-05
4.75 4.25 6.29335e-05
4.75 4.5 6.26493e-05
4.75 4.75 6.2382e-05
4.75 5 6.18254e-05
4.75 5.25 6.10429e-05
4.75 5.5 6.00718e-05
4.75 5.75 5.86827e-05
4.75 6 5.68636e-05
4.75 6.25 5.44857e-05
4.75 6.5 5.14136e-05
4.75 6.75 4.74887e-05
4.75 7 4.28059e-05
4.75 7.25 3.76658e-05
4.75 7.5 3.20633e-05
4.75 7.75 2.65608e-05
4.75 8 2.12361e-05
4.75 8.25 1.65876e-05
4.75 8.5 1.26367e-05
4.75 8.75 9.46632e-06
4.75 9 6.9952e-06
4.75 9.25 5.10877e-06
4.75 9.5 3.70163e-06
4.75 9.75 2.65645e-06
4.75 10 1.89345e-06
4.75 10.25 1.34139e-06
4.75 10.5 9.46535e-07
4.75 10.75 6.64088e-07
4.75 11 4.64257e-07
4.75 11.25 3.23697e-07
4.75 11.5 2.24118e-07
4.75 11.75 1.54964e-07
4.75 12 1.07364e-07
4.75 12.25 7.37915e-08
4.75 12.5 5.08515e-08
4.75 12.75 3.47555e-08
4.75 13 2.37691e-08
4.75 13.25 1.62268e-08
4.75 13.5 1.10888e-08
4.75 13.75 7.54855e-09
4.75 14 5.13e-09
4.75 14.25 3.50072e-09
4.75 14.5 2.37107e-09
4.75 14.75 1.60738e-09
4.75 15 1.09141e-09
5 0 3.99926e-05
5 0.25 4.01093e-05
5 0.5 4.00903e-05
5 0.75 4.00806e-05
5 1 4.00885e-05
5 1.25 4.00774e-05
5 1.5 4.0136e-05
5 1.75 4e-05
5 2 3.99338e-05
5 2.25 3.98612e-05
5 2.5 3.98917e-05
5 2.75 3.99684e-05
5 3 3.99739e-05
5 3.25 3.99004e-05
5 3.5 3.98533e-05
5 3.75 3.97323e-05
5 4 3.96923e-05
5 4.25 3.95451e-05
5 4.5 3.93447e-05
5 4.75 3.91349e-05
5 5 3.87228e-05
5 5.25 3.81503e-05
5 5.5 3.74801e-05
5 5.75 3.65746e-05
5 6 3.52859e-05
5 6.25 3.36854e-05
5 6.5 3.16909e-05
5 6.75 2.92819e-05
5 7 2.6494e-05
5 7.25 2.3422e-05
5 7.5 2.02089e-05
5 7.75 1.6956e-05
5 8 1.38255e-05
5 8.25 1.10177e-05
5 8.5 8.57581e-06
5 8.75 6.58038e-06
5 9 4.95605e-06
5 9.25 3.69802e-06
5 9.5 2.71846e-06
5 9.75 1.98154e-06
5 10 1.43426e-06
5 10.25 1.02721e-06
5 10.5 7.33279e-07
5 10.75 5.20239e-07
5 11 3.66824e-07
5 11.25 2.57441e-07
5 11.5 1.80259e-07
5 11.75 1.2563e-07
5 12 8.75224e-08
5 12.25 6.05459e-08
5 12.5 4.1992e-08
5 12.75 2.88873e-08
5 13 1.99017e-08
5 13.25 1.36251e-08
5 13.5 9.34623e-09
5 13.75 6.37954e-09
5 14 4.36744e-09
5 14.25 2.97787e-09
5 14.5 2.03537e-09
5 14.75 1.38097e-09
5 15 9.40322e-10
5.25 0 2.57237e-05
5.25 0.25 2.56779e-05
5.25 0.5 2.5692e-05
5.25 0.75 2.56869e-05
5.25 1 2.573e-05
5.25 1.25 2.57093e-05
5.25 1.5 2.57105e-05
5.25 1.75 2.56565e-05
5.25 2 2.56372e-05
5.25 2.25 2.56462e-05
5.25 2.5 2.56092e-05
5.25 2.75 2.56341e-05
5.25 3 2.56524e-05
5.25 3.25 2.5617e-05
5.25 3.5 2.5486e-05
5.25 3.75 2.54247e-05
5.25 4 2.53504e-05
5.25 4.25 2.52806e-05
5.25 4.5 2.51548e-05
5.25 4.75 2.49748e-05
5.25 5 2.46907e-05
5.25 5.25 2.4327e-05
5.25 5.5 2.37895e-05
5.25 5.75 2.31195e-05
5.25 6 2.23329e-05
5.25 6.25 2.12614e-05
5.25 6.5 2.00686e-05
5.25 6.75 1.84812e-05
5.25 7 1.67352e-05
5.25 7.25 1.48832e-05
5.25 7.5 1.29324e-05
5.25 7.75 1.09911e-05
5.25 8 9.09844e-06
5.25 8.25 7.37996e-06
5.25 8.5 5.85505e-06
5.25 8.75 4.56229e-06
5.25 9 3.50048e-06
5.25 9.25 2.64377e-06
5.25 9.5 1.98195e-06
5.25 9.75 1.46419e-06
5.25 10 1.07299e-06
5.25 10.25 7.79175e-07
5.25 10.5 5.60525e-07
5.25 10.75 4.01404e-07
5.25 11 2.86301e-07
5.25 11.25 2.02704e-07
5.25 11.5 1.43136e-07
5.25 11.75 1.00625e-07
5.25 12 7.05329e-08
5.25 12.25 4.9136e-08
5.25 12.5 3.419e-08
5.25 12.75 2.37517e-08
5.25 13 1.63992e-08
5.25 13.25 1.1311e-08
5.25 13.5 7.79691e-09
5.25 13.75 5.35125e-09
5.25 14 3.66597e-09
5.25 14.25 2.51554e-09
5.25 14.5 1.72178e-09
5.25 14.75 1.17793e-09
5.25 15 8.00741e-10
5.5 0 1.66807e-05
5.5 0.25 1.66835e-05
5.5 0.5 1.67118e-05
5.5 0.75 1.66862e-05
5.5 1 1.66818e-05
5.5 1.25 1.66782e-05
5.5 1.5 1.66566e-05
5.5 1.75 1.66734e-05
5.5 2 1.66619e-05
5.5 2.25 1.66644e-05
5.5 2.5 1.6657e-05
5.5 2.75 1.66472e-05
5.5 3 1.66203e-05
5.5 3.25 1.65857e-05
5.5 3.5 1.65561e-05
5.5 3.75 1.64968e-05
5.5 4 1.64588e-05
5.5 4.25 1.6396e-05
5.5 4.5 1.62661e-05
5.5 4.75 1.61374e-05
5.5 5 1.59417e-05
5.5 5.25 1.56716e-05
5.5 5.5 1.53244e-05
5.5 5.75 1.48705e-05
5.5 6 1.43113e-05
5.5 6.25 1.3619e-05
5.5 6.5 1.27912e-05
5.5 6.75 1.1837e-05
5.5 7 1.07809e-05
5.5 7.25 9.60351e-06
5.5 7.5 8.40037e-06
5.5 7.75 7.17618e-06
5.5 8 6.0321e-06
5.5 8.25 4.95406e-06
5.5 8.5 3.99193e-06
5.5 8.75 3.15492e-06
5.5 9 2.45647e-06
5.5 9.25 1.88545e-06
5.5 9.5 1.43139e-06
5.5 9.75 1.07219e-06
5.5 10 7.94298e-07
5.5 10.25 5.82752e-07
5.5 10.5 4.24273e-07
5.5 10.75 3.0745e-07
5.5 11 2.21282e-07
5.5 11.25 1.58043e-07
5.5 11.5 1.12557e-07
5.5 11.75 7.96741e-08
5.5 12 5.6296e-08
5.5 12.25 3.95178e-08
5.5 12.5 2.76908e-08
5.5 12.75 1.92873e-08
5.5 13 1.34394e-08
5.5 13.25 9.28548e-09
5.5 13.5 6.43573e-09
5.5 13.75 4.43744e-09
5.5 14 3.05311e-09
5.5 14.25 2.10132e-09
5.5 14.5 1.44426e-09
5.5 14.75 9.93301e-10
5.5 15 6.79787e-10
5.75 0 1.09364e-05
5.75 0.25 1.09362e-05
5.75 0.5 1.09446e-05
5.75 0.75 1.09517e-05
5.75 1 1.09343e-05
5.75 1.25 1.09115e-05
5.75 1.5 1.09064e-05
5.75 1.75 1.09017e-05
5.75 2 1.09065e-05
5.75 2.25 1.09018e-05
5.75 2.5 1.09016e-05
5.75 2.75 1.08739e-05
5.75 3 1.08732e-05
5.75 3.25 1.08538e-05
5.75 3.5 1.08224e-05
5.75 3.75 1.07894e-05
5.75 4 1.07549e-05
5.75 4.25 1.06831e-05
5.75 4.5 1.0616e-05
5.75 4.75 1.04911e-05
5.75 5 1.03598e-05
5.75 5.25 1.01805e-05
5.75 5.5 9.94246e-06
5.75 5.75 9.62225e-06
5.75 6 9.26741e-06
5.75 6.25 8.79275e-06
5.75 6.5 8.26409e-06
5.75 6.75 7.65164e-06
5.75 7 6.98463e-06
5.75 7.25 6.25156e-06
5.75 7.5 5.48889e-06
5.75 7.75 4.72961e-06
5.75 8 3.99855e-06
5.75 8.25 3.32741e-06
5.75 8.5 2.71319e-06
5.75 8.75 2.17236e-06
5.75 9 1.72114e-06
5.75 9.25 1.33489e-06
5.75 9.5 1.02498e-06
5.75 9.75 7.77397e-07
5.75 10 5.83164e-07
5.75 10.25 4.32977e-07
5.75 10.5 3.19093e-07
5.75 10.75 2.32529e-07
5.75 11 1.68945e-07
5.75 11.25 1.22071e-07
5.75 11.5 8.75709e-08
5.75 11.75 6.25202e-08
5.75 12 4.44441e-08
5.75 12.25 3.13588e-08
5.75 12.5 2.2116e-08
5.75 12.75 1.55149e-08
5.75 13 1.08442e-08
5.75 13.25 7.55799e-09
5.75 13.5 5.25314e-09
5.75 13.75 3.64021e-09
5.75 14 2.52061e-09
5.75 14.25 1.74358e-09
5.75 14.5 1.20114e-09
5.75 14.75 8.27663e-10
5.75 15 5.6908e-10
6 0 7.19944e-06
6 0.25 7.19306e-06
6 0.5 7.20948e-06
6 0.75 7.21526e-06
6 1 7.21395e-06
6 1.25 7.20513e-06
6 1.5 7.18217e-06
6 1.75 7.18916e-06
6 2 7.17693e-06
6 2.25 7.19757e-06
6 2.5 7.18069e-06
6 2.75 7.19486e-06
6 3 7.16794e-06
6 3.25 7.15646e-06
6 3.5 7.1277e-06
6 3.75 7.10567e-06
6 4 7.07445e-06
6 4.25 7.03708e-06
6 4.5 6.97006e-06
6 4.75 6.88316e-06
6 5 6.79513e-06
6 5.25 6.65794e-06
6 5.5 6.49069e-06
6 5.75 6.28815e-06
6 6 6.02285e-06
6 6.25 5.72635e-06
6 6.5 5.37539e-06
6 6.75 4.98993e-06
6 7 4.56033e-06
6 7.25 4.09071e-06
6 7.5 3.61718e-06
6 7.75 3.13599e-06
6 8 2.67312e-06
6 8.25 2.24331e-06
6 8.5 1.84624e-06
6 8.75 1.49913e-06
6 9 1.19477e-06
6 9.25 9.39689e-07
6 9.5 7.30096e-07
6 9.75 5.59378e-07
6 10 4.23861e-07
6 10.25 3.18165e-07
6 10.5 2.3656e-07
6 10.75 1.7468e-07
6 11 1.2769e-07
6 11.25 9.31156e-08
6 11.5 6.75306e-08
6 11.75 4.84098e-08
6 12 3.46776e-08
6 12.25 2.46512e-08
6 12.5 1.75261e-08
6 12.75 1.23419e-08
6 13 8.84355e-07
6 13.25 6.08797e-09
6 13.5 4.25054e-09
6 13.75 2.96669e-09
6 14 2.10803e-07
6 14.25 1.43376e-09
6 14.5 9.96109e-10
6 14.75 6.87132e-10
6 15 4.72779e-10
6.25 0 4.76349e-06
6.25 0.25 4.7703e-06
6.25 0.5 4.76853e-06
6.25 0.75 4.7806e-06
6.25 1 4.76933e-06
6.25 1.25 4.76129e-06
6.25 1.5 4.76237e-06
6.25 1.75 4.75837e-06
6.25 2 4.76429e-06
6.25 2.25 4.76709e-06
6.25 2.5 4.75751e-06
6.25 2.75 4.74758e-06
6.25 3 4.74283e-06
6.25 3.25 4.72661e-06
6.25 3.5 4.71102e-06
6.25 3.75 4.70615e-06
6.25 4 4.66565e-06
6.25 4.25 4.63851e-06
6.25 4.5 4.60112e-06
6.25 4.75 4.54167e-06
6.25 5 4.46448e-06
6.25 5.25 4.37458e-06
6.25 5.5 4.26288e-06
6.25 5.75 4.12766e-06
6.25 6 3.94954e-06
6.25 6.25 3.75107e-06
6.25 6.5 3.51749e-06
6.25 6.75 3.26791e-06
6.25 7 2.9973e-06
6.25 7.25 2.69793e-06
6.25 7.5 2.38776e-06
6.25 7.75 2.09348e-06
6.25 8 1.79646e-06
6.25 8.25 1.51652e-06
6.25 8.5 1.25906e-06
6.25 8.75 1.02861e-06
6.25 9 8.30247e-07
6.25 9.25 6.59451e-07
6.25 9.5 5.17526e-07
6.25 9.75 4.01438e-07
6.25 10 3.07536e-07
6.25 10.25 2.3303e-07
6.25 10.5 1.74273e-07
6.25 10.75 1.29879e-07
6.25 11 9.594e-08
6.25 11.25 7.0584e-08
6.25 11.5 5.14849e-08
6.25 11.75 3.72404e-08
6.25 12 2.68907e-08
6.25 12.25 1.92437e-08
6.25 12.5 1.37247e-08
6.25 12.75 9.75342e-09
6.25 13 6.90548e-09
6.25 13.25 4.86015e-09
6.25 13.5 3.4126e-09
6.25 13.75 2.39319e-09
6.25 14 1.67485e-09
6.25 14.25 1.16935e-09
6.25 14.5 8.13194e-10
6.25 14.75 5.66083e-10
6.25 15 3.91252e-10
6.5 0 3.15411e-06
6.5 0.25 3.16072e-06
6.5 0.5 3.16905e-06
6.5 0.75 3.16744e-06
6.5 1 3.17323e-06
6.5 1.25 3.17271e-06
6.5 1.5 3.1668e-06
6.5 1.75 3.17139e-06
6.5 2 3.16456e-06
6.5 2.25 3.16386e-06
6.5 2.5 3.16581e-06
6.5 2.75 3.15984e-06
6.5 3 3.15307e-06
6.5 3.25 3.13548e-06
6.5 3.5 3.12422e-06
6.5 3.75 3.11014e-06
6.5 4 3.09715e-06
6.5 4.25 3.06761e-06
6.5 4.5 3.04171e-06
6.5 4.75 3.00206e-06
6.5 5 2.94926e-06
6.5 5.25 2.89047e-06
6.5 5.5 2.80929e-06
6.5 5.75 2.71468e-06
6.5 6 2.59565e-06
6.5 6.25 2.46633e-06
6.5 6.5 2.31878e-06
6.5 6.75 2.14774e-06
6.5 7 1.97336e-06
6.5 7.25 1.78169e-06
6.5 7.5 1.58994e-06
6.5 7.75 1.39461e-06
6.5 8 1.20338e-06
6.5 8.25 1.02414e-06
6.5 8.5 8.56479e-07
6.5 8.75 7.0742e-07
6.5 9 5.76631e-07
6.5 9.25 4.60536e-07
6.5 9.5 3.65116e-07
6.5 9.75 2.85028e-07
6.5 10 2.20824e-07
6.5 10.25 1.68964e-07
6.5 10.5 1.27874e-07
6.5 10.75 9.6124e-08
6.5 11 7.15402e-08
6.5 11.25 5.29629e-08
6.5 11.5 3.89325e-08
6.5 11.75 2.8403e-08
6.5 12 2.05623e-08
6.5 12.25 1.4846e-08
6.5 12.5 1.06888e-08
6.5 12.75 7.64879e-09
6.5 13 5.43308e-09
6.5 13.25 3.85073e-09
6.5 13.5 2.72046e-09
6.5 13.75 1.91508e-09
6.5 14 1.34809e-09
6.5 14.25 9.44491e-10
6.5 14.5 6.61307e-10
6.5 14.75 4.62594e-10
6.5 15 3.20459e-10
6.75 0 2.10484e-06
6.75 0.25 2.10555e-06
6.75 0.5 2.10622e-06
6.75 0.75 2.10874e-06
6.75 1 2.10928e-06
6.75 1.25 2.10725e-06
6.75 1.5 2.10711e-06
6.75 1.75 2.10632e-06
6.75 2 2.1038e-06
6.75 2.25 2.105e-06
6.75 2.5 2.10337e-06
6.75 2.75 2.09966e-06
6.75 3 2.09216e-06
6.75 3.25 2.08513e-06
6.75 3.5 2.0787e-06
6.75 3.75 2.06908e-06
6.75 4 2.05312e-06
6.75 4.25 2.03727e-06
6.75 4.5 2.01219e-06
6.75 4.75 1.98834e-06
6.75 5 1.95662e-06
6.75 5.25 1.90965e-06
6.75 5.5 1.86158e-06
6.75 5.75 1.79341e-06
6.75 6 1.71646e-06
6.75 6.25 1.62873e-06
6.75 6.5 1.53072e-06
6.75 6.75 1.42146e-06
6.75 7 1.30504e-06
6.75 7.25 1.18178e-06
6.75 7.5 1.05851e-06
6.75 7.75 9.32765e-07
6.75 8 8.08412e-07
6.75 8.25 6.91325e-07
6.75 8.5 5.83579e-07
6.75 8.75 4.85293e-07
6.75 9 3.98319e-07
6.75 9.25 3.21546e-07
6.75 9.5 2.56322e-07
6.75 9.75 2.02334e-07
6.75 10 1.57804e-07
6.75 10.25 1.21902e-07
6.75 10.5 9.30157e-08
6.75 10.75 7.04568e-08
6.75 11 5.29998e-08
6.75 11.25 3.94708e-08
6.75 11.5 2.92074e-08
6.75 11.75 2.14296e-08
6.75 12 1.56547e-08
6.75 12.25 1.14021e-08
6.75 12.5 8.2579e-09
6.75 12.75 5.94254e-09
6.75 13 4.24685e-09
6.75 13.25 3.02769e-09
6.75 13.5 2.15126e-09
6.75 13.75 1.52341e-09
6.75 14 1.07521e-09
6.75 14.25 7.59814e-10
6.75 14.5 5.32997e-10
6.75 14.75 3.74525e-10
6.75 15 2.60304e-10
7 0 1.399e-06
7 0.25 1.40085e-06
7 0.5 1.40278e-06
7 0.75 1.40575e-06
7 1 1.40406e-06
7 1.25 1.40254e-06
7 1.5 1.40303e-06
7 1.75 1.40305e-06
7 2 1.4024e-06
7 2.25 1.40285e-06
7 2.5 1.40129e-06
7 2.75 1.39602e-06
7 3 1.39154e-06
7 3.25 1.38647e-06
7 3.5 1.3819e-06
7 3.75 1.37585e-06
7 4 1.36611e-06
7 4.25 1.3568e-06
7 4.5 1.33953e-06
7 4.75 1.31778e-06
7 5 1.29672e-06
7 5.25 1.26728e-06
7 5.5 1.23136e-06
7 5.75 1.1877e-06
7 6 1.13667e-06
7 6.25 1.07806e-06
7 6.5 1.01266e-06
7 6.75 9.41921e-07
7 7 8.63791e-07
7 7.25 7.86209e-07
7 7.5 7.04705e-07
7 7.75 6.22753e-07
7 8 5.42517e-07
7 8.25 4.66969e-07
7 8.5 3.96906e-07
7 8.75 3.31929e-07
7 9 2.74205e-07
7 9.25 2.2353e-07
7 9.5 1.79513e-07
7 9.75 1.42587e-07
7 10 1.12155e-07
7 10.25 8.7202e-08
7 10.5 6.70798e-08
7 10.75 5.12112e-08
7 11 3.87523e-08
7 11.25 2.91831e-08
7 11.5 2.1774e-08
7 11.75 1.60983e-08
7 12 1.18446e-08
7 12.25 8.6758e-09
7 12.5 6.30393e-09
7 12.75 4.5782e-09
7 13 3.29216e-09
7 13.25 2.35844e-09
7 13.5 1.68309e-09
7 13.75 1.1989e-09
7 14 8.53361e-10
7 14.25 6.03738e-10
7 14.5 4.2667e-10
7 14.75 3.00692e-10
7 15 2.10902e-10
7.25 0 9.30666e-07
7.25 0.25 9.35778e-07
7.25 0.5 9.3698e-07
7.25 0.75 9.36807e-07
7.25 1 9.35617e-07
7.25 1.25 9.32949e-07
7.25 1.5 9.33479e-07
7.25 1.75 9.31814e-07
7.25 2 9.31901e-07
7.25 2.25 9.31612e-07
7.25 2.5 9.30368e-07
7.25 2.75 9.27973e-07
7.25 3 9.25421e-07
7.25 3.25 9.23376e-07
7.25 3.5 9.20345e-07
7.25 3.75 9.15232e-07
7.25 4 9.05346e-07
7.25 4.25 8.99008e-07
7.25 4.5 8.88783e-07
7.25 4.75 8.73801e-07
7.25 5 8.59156e-07
7.25 5.25 8.3943e-07
7.25 5.5 8.15684e-07
7.25 5.75 7.8807e-07
7.25 6 7.50843e-07
7.25 6.25 7.13479e-07
7.25 6.5 6.71653e-07
7.25 6.75 6.23441e-07
7.25 7 5.73616e-07
7.25 7.25 5.22903e-07
7.25 7.5 4.69369e-07
7.25 7.75 4.16615e-07
7.25 8 3.64369e-07
7.25 8.25 3.14691e-07
7.25 8.5 2.69233e-07
7.25 8.75 2.26854e-07
7.25 9 1.88248e-07
7.25 9.25 1.54471e-07
7.25 9.5 1.24882e-07
7.25 9.75 1.00114e-07
7.25 10 7.9311e-08
7.25 10.25 6.2108e-08
7.25 10.5 4.82279e-08
7.25 10.75 3.71528e-08
7.25 11 2.82991e-08
7.25 11.25 2.14581e-08
7.25 11.5 1.6088e-08
7.25 11.75 1.20313e-08
7.25 12 8.89207e-09
7.25 12.25 6.55429e-09
7.25 12.5 4.79288e-09
7.25 12.75 3.49023e-09
7.25 13 2.53344e-09
7.25 13.25 1.831e-09
7.25 13.5 1.30814e-09
7.25 13.75 9.3703e-10
7.25 14 6.68959e-10
7.25 14.25 4.77137e-10
7.25 14.5 3.38896e-10
7.25 14.75 2.39777e-10
7.25 15 1.68952e-10
7.5 0 6.25093e-07
7.5 0.25 6.25305e-07
7.5 0.5 6.25623e-07
7.5 0.75 6.23389e-07
7.5 1 6.23297e-07
7.5 1.25 6.22145e-07
7.5 1.5 6.21453e-07
7.5 1.75 6.20643e-07
7.5 2 6.20475e-07
7.5 2.25 6.2076e-07
7.5 2.5 6.21481e-07
7.5 2.75 6.20139e-07
7.5 3 6.1745e-07
7.5 3.25 6.15828e-07
7.5 3.5 6.13618e-07
7.5 3.75 6.11492e-07
7.5 4 6.05567e-07
7.5 4.25 5.99357e-07
7.5 4.5 5.91316e-07
7.5 4.75 5.82804e-07
7.5 5 5.70922e-07
7.5 5.25 5.58135e-07
7.5 5.5 5.40699e-07
7.5 5.75 5.20595e-07
7.5 6 4.98354e-07
7.5 6.25 4.73191e-07
7.5 6.5 4.45668e-07
7.5 6.75 4.14453e-07
7.5 7 3.82491e-07
7.5 7.25 3.48152e-07
7.5 7.5 3.13543e-07
7.5 7.75 2.78943e-07
7.5 8 2.45508e-07
7.5 8.25 2.12922e-07
7.5 8.5 1.8274e-07
7.5 8.75 1.54429e-07
7.5 9 1.29146e-07
7.5 9.25 1.06416e-07
7.5 9.5 8.70326e-08
7.5 9.75 6.99707e-08
7.5 10 5.58992e-08
7.5 10.25 4.4077e-08
7.5 10.5 3.44328e-08
7.5 10.75 2.67367e-08
7.5 11 2.05415e-08
7.5 11.25 1.56736e-08
7.5 11.5 1.18488e-08
7.5 11.75 8.9014e-09
7.5 12 6.63419e-09
7.5 12.25 4.9043e-09
7.5 12.5 3.62493e-09
7.5 12.75 2.65275e-09
7.5 13 1.93914e-09
7.5 13.25 1.40343e-09
7.5 13.5 1.01381e-09
7.5 13.75 7.28122e-10
7.5 14 5.22813e-10
7.5 14.25 3.7386e-10
7.5 14.5 2.67681e-10
7.5 14.75 1.89859e-10
7.5 15 1.34579e-10
7.75 0 4.16446e-07
7.75 0.25 4.16822e-07
7.75 0.5 4.16349e-07
7.75 0.75 4.16117e-07
7.75 1 4.1647e-07
7.75 1.25 4.15552e-07
7.75 1.5 4.14753e-07
7.75 1.75 4.15438e-07
7.75 2 4.15073e-07
7.75 2.25 4.13379e-07
7.75 2.5 4.13511e-07
7.75 2.75 4.12887e-07
7.75 3 4.11335e-07
7.75 3.25 4.10181e-07
7.75 3.5 4.08871e-07
7.75 3.75 4.0708e-07
7.75 4 4.03812e-07
7.75 4.25 3.99125e-07
7.75 4.5 3.93502e-07
7.75 4.75 3.86797e-07
7.75 5 3.78713e-07
7.75 5.25 3.69015e-07
7.75 5.5 3.5788e-07
7.75 5.75 3.4419e-07
7.75 6 3.30539e-07
7.75 6.25 3.13212e-07
7.75 6.5 2.94873e-07
7.75 6.75 2.74523e-07
7.75 7 2.53991e-07
7.75 7.25 2.31698e-07
7.75 7.5 2.09711e-07
7.75 7.75 1.8687e-07
7.75 8 1.6533e-07
7.75 8.25 1.43643e-07
7.75 8.5 1.23517e-07
7.75 8.75 1.05107e-07
7.75 9 8.82057e-08
7.75 9.25 7.32724e-08
7.75 9.5 6.03332e-08
7.75 9.75 4.87809e-08
7.75 10 3.92793e-08
7.75 10.25 3.11721e-08
7.75 10.5 2.45471e-08
7.75 10.75 1.91811e-08
7.75 11 1.48254e-08
7.75 11.25 1.13571e-08
7.75 11.5 8.67052e-09
7.75 11.75 6.54041e-09
7.75 12 4.90807e-09
7.75 12.25 3.65621e-09
7.75 12.5 2.71503e-09
7.75 12.75 2.00611e-09
7.75 13 1.4707e-09
7.75 13.25 1.07475e-09
7.75 13.5 7.78927e-10
7.75 13.75 5.63001e-10
7.75 14 4.06703e-10
7.75 14.25 2.91627e-10
7.75 14.5 2.09298e-10
7.75 14.75 1.49829e-10
7.75 15 1.0638e-10
8 0 2.77782e-07
8 0.25 2.78879e-07
8 0.5 2.78072e-07
8 0.75 2.77933e-07
8 1 2.76862e-07
8 1.25 2.77055e-07
8 1.5 2.77311e-07
8 1.75 2.77256e-07
8 2 2.76943e-07
8 2.25 2.76657e-07
8 2.5 2.75759e-07
8 2.75 2.7517e-07
8 3 2.74259e-07
8 3.25 2.73398e-07
8 3.5 2.72275e-07
8 3.75 2.70228e-07
8 4 2.67839e-07
8 4.25 2.65765e-07
8 4.5 2.61802e-07
8 4.75 2.57513e-07
8 5 2.51277e-07
8 5.25 2.44911e-07
8 5.5 2.37467e-07
8 5.75 2.28592e-07
8 6 2.18779e-07
8 6.25 2.07912e-07
8 6.5 1.95585e-07
8 6.75 1.82536e-07
8 7 1.68832e-07
8 7.25 1.54557e-07
8 7.5 1.3996e-07
8 7.75 1.25234e-07
8 8 1.10734e-07
8 8.25 9.67448e-08
8 8.5 8.36912e-08
8 8.75 7.13998e-08
8 9 6.0379e-08
8 9.25 5.03861e-08
8 9.5 4.1575e-08
8 9.75 3.39921e-08
8 10 2.74774e-08
8 10.25 2.19226e-08
8 10.5 1.73979e-08
8 10.75 1.36763e-08
8 11 1.0669e-08
8 11.25 8.22608e-09
8 11.5 6.29463e-09
8 11.75 4.78375e-09
8 12 3.61996e-09
8 12.25 2.71718e-09
8 12.5 2.02468e-09
8 12.75 1.50555e-09
8 13 1.11199e-09
8 13.25 8.16909e-10
8 13.5 5.96034e-10
8 13.75 4.33498e-10
8 14 3.13747e-10
8 14.25 2.2706e-10
8 14.5 1.63264e-10
8 14.75 1.17071e-10
8 15 8.34048e-11
8.25 0 1.86024e-07
8.25 0.25 1.85793e-07
8.25 0.5 1.85507e-07
8.25 0.75 1.85474e-07
8.25 1 1.85037e-07
8.25 1.25 1.8496e-07
8.25 1.5 1.84872e-07
8.25 1.75 1.85281e-07
8.25 2 1.84742e-07
8.25 2.25 1.84801e-07
8.25 2.5 1.83872e-07
8.25 2.75 1.83606e-07
8.25 3 1.82658e-07
8.25 3.25 1.81959e-07
8.25 3.5 1.81086e-07
8.25 3.75 1.80076e-07
8.25 4 1.78232e-07
8.25 4.25 1.76291e-07
8.25 4.5 1.73964e-07
8.25 4.75 1.70982e-07
8.25 5 1.66986e-07
8.25 5.25 1.62496e-07
8.25 5.5 1.57462e-07
8.25 5.75 1.51535e-07
8.25 6 1.45151e-07
8.25 6.25 1.37457e-07
8.25 6.5 1.29775e-07
8.25 6.75 1.21158e-07
8.25 7 1.12194e-07
8.25 7.25 1.02934e-07
8.25 7.5 9.3556e-08
8.25 7.75 8.38194e-08
8.25 8 7.43152e-08
8.25 8.25 6.52717e-08
8.25 8.5 5.65004e-08
8.25 8.75 4.83911e-08
8.25 9 4.10131e-08
8.25 9.25 3.44437e-08
8.25 9.5 2.85771e-08
8.25 9.75 2.34779e-08
8.25 10 1.9112e-08
8.25 10.25 1.54153e-08
8.25 10.5 1.22764e-08
8.25 10.75 9.7247e-09
8.25 11 7.60252e-09
8.25 11.25 5.91019e-09
8.25 11.5 4.54902e-09
8.25 11.75 3.48582e-09
8.25 12 2.64908e-09
8.25 12.25 2.00311e-09
8.25 12.5 1.50173e-09
8.25 12.75 1.1212e-09
8.25 13 8.33826e-10
8.25 13.25 6.15062e-10
8.25 13.5 4.51756e-10
8.25 13.75 3.30728e-10
8.25 14 2.40917e-10
8.25 14.25 1.74904e-10
8.25 14.5 1.264e-10
8.25 14.75 9.09295e-11
8.25 15 6.52105e-11
8.5 0 1.2387e-07
8.5 0.25 1.24015e-07
8.5 0.5 1.23815e-07
8.5 0.75 1.23643e-07
8.5 1 1.23442e-07
8.5 1.25 1.23505e-07
8.5 1.5 1.23308e-07
8.5 1.75 1.23232e-07
8.5 2 1.23228e-07
8.5 2.25 1.23117e-07
8.5 2.5 1.22664e-07
8.5 2.75 1.22109e-07
8.5 3 1.21854e-07
8.5 3.25 1.2132e-07
8.5 3.5 1.20603e-07
8.5 3.75 1.19687e-07
8.5 4 1.18706e-07
8.5 4.25 1.1724e-07
8.5 4.5 1.15344e-07
8.5 4.75 1.13348e-07
8.5 5 1.10674e-07
8.5 5.25 1.07812e-07
8.5 5.5 1.04252e-07
8.5 5.75 1.00478e-07
8.5 6 9.6293e-08
8.5 6.25 9.13485e-08
8.5 6.5 8.62839e-08
8.5 6.75 8.04596e-08
8.5 7 7.45776e-08
8.5 7.25 6.8569e-08
8.5 7.5 6.25327e-08
8.5 7.75 5.61473e-08
8.5 8 4.98483e-08
8.5 8.25 4.38649e-08
8.5 8.5 3.81075e-08
8.5 8.75 3.28565e-08
8.5 9 2.79238e-08
8.5 9.25 2.35577e-08
8.5 9.5 1.96567e-08
8.5 9.75 1.62296e-08
8.5 10 1.32814e-08
8.5 10.25 1.07969e-08
8.5 10.5 8.66408e-09
8.5 10.75 6.88324e-09
8.5 11 5.4192e-09
8.5 11.25 4.23217e-09
8.5 11.5 3.28022e-09
8.5 11.75 2.52507e-09
8.5 12 1.92915e-09
8.5 12.25 1.46588e-09
8.5 12.5 1.1074e-09
8.5 12.75 8.32803e-10
8.5 13 6.21183e-10
8.5 13.25 4.61265e-10
8.5 13.5 3.40057e-10
8.5 13.75 2.50584e-10
8.5 14 1.83136e-10
8.5 14.25 1.33555e-10
8.5 14.5 9.704e-11
8.5 14.75 7.01495e-11
8.5 15 5.06571e-11
8.75 0 8.27054e-08
8.75 0.25 8.27405e-08
8.75 0.5 8.27494e-08
8.75 0.75 8.27067e-08
8.75 1 8.25842e-08
8.75 1.25 8.24563e-08
8.75 1.5 8.23387e-08
8.75 1.75 8.21734e-08
8.75 2 8.21402e-08
8.75 2.25 8.19898e-08
8.75 2.5 8.18063e-08
8.75 2.75 8.16331e-08
8.75 3 8.12847e-08
8.75 3.25 8.08957e-08
8.75 3.5 8.02274e-08
8.75 3.75 7.95418e-08
8.75 4 7.89026e-08
8.75 4.25 7.79835e-08
8.75 4.5 7.67333e-08
8.75 4.75 7.51584e-08
8.75 5 7.36695e-08
8.75 5.25 7.15863e-08
8.75 5.5 6.91893e-08
8.75 5.75 6.66675e-08
8.75 6 6.39173e-08
8.75 6.25 6.06748e-08
8.75 6.5 5.72784e-08
8.75 6.75 5.35901e-08
8.75 7 4.97212e-08
8.75 7.25 4.56385e-08
8.75 7.5 4.16166e-08
8.75 7.75 3.75359e-08
8.75 8 3.34759e-08
8.75 8.25 2.9613e-08
8.75 8.5 2.57829e-08
8.75 8.75 2.22587e-08
8.75 9 1.90413e-08
8.75 9.25 1.61061e-08
8.75 9.5 1.35315e-08
8.75 9.75 1.12122e-08
8.75 10 9.22321e-09
8.75 10.25 7.53399e-09
8.75 10.5 6.07203e-09
8.75 10.75 4.85e-09
8.75 11 3.84228e-09
8.75 11.25 3.01585e-09
8.75 11.5 2.35266e-09
8.75 11.75 1.82192e-09
8.75 12 1.40049e-09
8.75 12.25 1.06994e-09
8.75 12.5 8.14155e-10
8.75 12.75 6.14713e-10
8.75 13 4.6136e-10
8.75 13.25 3.43445e-10
8.75 13.5 2.55913e-10
8.75 13.75 1.89014e-10
8.75 14 1.38927e-10
8.75 14.25 1.0181e-10
8.75 14.5 7.42338e-11
8.75 14.75 5.39604e-11
8.75 15 3.91854e-11
9 0 5.52485e-08
9 0.25 5.52064e-08
9 0.5 5.5175e-08
9 0.75 5.53373e-08
9 1 5.5142e-08
9 1.25 5.51556e-08
9 1.5 5.4995e-08
9 1.75 5.49801e-08
9 2 5.47923e-08
9 2.25 5.46655e-08
9 2.5 5.4535e-08
9 2.75 5.455e-08
9 3 5.43348e-08
9 3.25 5.4028e-08
9 3.5 5.34981e-08
9 3.75 5.30513e-08
9 4 5.25143e-08
9 4.25 5.18921e-08
9 4.5 5.10945e-08
9 4.75 5.009e-08
9 5 4.90212e-08
9 5.25 4.75072e-08
9 5.5 4.60819e-08
9 5.75 4.4346e-08
9 6 4.23978e-08
9 6.25 4.04524e-08
9 6.5 3.8086e-08
9 6.75 3.56794e-08
9 7 3.30711e-08
9 7.25 3.04521e-08
9 7.5 2.78627e-08
9 7.75 2.51023e-08
9 8 2.24959e-08
9 8.25 1.98708e-08
9 8.5 1.73903e-08
9 8.75 1.50885e-08
9 9 1.29433e-08
9 9.25 1.09873e-08
9 9.5 9.2602e-09
9 9.75 7.73207e-09
9 10 6.38816e-09
9 10.25 5.23189e-09
9 10.5 4.24118e-09
9 10.75 3.4081e-09
9 11 2.71297e-09
9 11.25 2.14035e-09
9 11.5 1.67815e-09
9 11.75 1.309e-09
9 12 1.01302e-09
9 12.25 7.79433e-10
9 12.5 5.94767e-10
9 12.75 4.52832e-10
9 13 3.40004e-10
9 13.25 2.55386e-10
9 13.5 1.90703e-10
9 13.75 1.41523e-10
9 14 1.04818e-10
9 14.25 7.72415e-11
9 14.5 5.65777e-11
9 14.75 4.13278e-11
9 15 3.00354e-11
9.25 0 3.69109e-08
9.25 0.25 3.68984e-08
9.25 0.5 3.69548e-08
9.25 0.75 3.69236e-08
9.25 1 3.69292e-08
9.25 1.25 3.69439e-08
9.25 1.5 3.68108e-08
9.25 1.75 3.66578e-08
9.25 2 3.66092e-08
9.25 2.25 3.66091e-08
9.25 2.5 3.64909e-08
9.25 2.75 3.64074e-08
9.25 3 3.61915e-08
9.25 3.25 3.60834e-08
9.25 3.5 3.58022e-08
9.25 3.75 3.53842e-08
9.25 4 3.49725e-08
9.25 4.25 3.45393e-08
9.25 4.5 3.40046e-08
9.25 4.75 3.33613e-08
9.25 5 3.25646e-08
9.25 5.25 3.16759e-08
9.25 5.5 3.07e-08
9.25 5.75 2.94721e-08
9.25 6 2.82543e-08
9.25 6.25 2.68969e-08
9.25 6.5 2.5389e-08
9.25 6.75 2.37968e-08
9.25 7 2.20472e-08
9.25 7.25 2.0323e-08
9.25 7.5 1.85326e-08
9.25 7.75 1.67896e-08
9.25 8 1.50681e-08
9.25 8.25 1.33677e-08
9.25 8.5 1.1737e-08
9.25 8.75 1.02054e-08
9.25 9 8.81311e-09
9.25 9.25 7.51094e-09
9.25 9.5 6.34851e-09
9.25 9.75 5.32056e-09
9.25 10 4.41661e-09
9.25 10.25 3.638e-09
9.25 10.5 2.96261e-09
9.25 10.75 2.38785e-09
9.25 11 1.91013e-09
9.25 11.25 1.52023e-09
9.25 11.5 1.19625e-09
9.25 11.75 9.38634e-10
9.25 12 7.3019e-10
9.25 12.25 5.63919e-10
9.25 12.5 4.33076e-10
9.25 12.75 3.30189e-10
9.25 13 2.50615e-10
9.25 13.25 1.8875e-10
9.25 13.5 1.41565e-10
9.25 13.75 1.05873e-10
9.25 14 7.86874e-11
9.25 14.25 5.8319e-11
9.25 14.5 4.29002e-11
9.25 14.75 3.14391e-11
9.25 15 2.29012e-11
9.5 0 2.45936e-08
9.5 0.25 2.46166e-08
9.5 0.5 2.46355e-08
9.5 0.75 2.46482e-08
9.5 1 2.46072e-08
9.5 1.25 2.46205e-08
9.5 1.5 2.45352e-08
9.5 1.75 2.44959e-08
9.5 2 2.44171e-08
9.5 2.25 2.43984e-08
9.5 2.5 2.43079e-08
9.5 2.75 2.42749e-08
9.5 3 2.41223e-08
9.5 3.25 2.39894e-08
9.5 3.5 2.381e-08
9.5 3.75 2.35445e-08
9.5 4 2.3246e-08
9.5 4.25 2.29441e-08
9.5 4.5 2.26265e-08
9.5 4.75 2.21652e-08
9.5 5 2.16466e-08
9.5 5.25 2.10419e-08
9.5 5.5 2.03501e-08
9.5 5.75 1.96178e-08
9.5 6 1.88018e-08
9.5 6.25 1.78454e-08
9.5 6.5 1.68677e-08
9.5 6.75 1.57993e-08
9.5 7 1.46747e-08
9.5 7.25 1.35201e-08
9.5 7.5 1.23459e-08
9.5 7.75 1.11836e-08
9.5 8 1.00686e-08
9.5 8.25 8.96089e-09
9.5 8.5 7.8919e-09
9.5 8.75 6.90445e-09
9.5 9 5.9743e-09
9.5 9.25 5.11573e-09
9.5 9.5 4.34657e-09
9.5 9.75 3.65575e-09
9.5 10 3.03744e-09
9.5 10.25 2.51523e-09
9.5 10.5 2.0591e-09
9.5 10.75 1.66841e-09
9.5 11 1.34238e-09
9.5 11.25 1.07128e-09
9.5 11.5 8.48e-10
9.5 11.75 6.68209e-10
9.5 12 5.22412e-10
9.5 12.25 4.05879e-10
9.5 12.5 3.13399e-10
9.5 12.75 2.40357e-10
9.5 13 1.83453e-10
9.5 13.25 1.38906e-10
9.5 13.5 1.04586e-10
9.5 13.75 7.8508e-11
9.5 14 5.85723e-11
9.5 14.25 4.35862e-11
9.5 14.5 3.23045e-11
9.5 14.75 2.38088e-11
9.5 15 1.7445e-11
9.75 0 1.64397e-08
9.75 0.25 1.64563e-08
9.75 0.5 1.64446e-08
9.75 0.75 1.64443e-08
9.75 1 1.64244e-08
9.75 1.25 1.6428e-08
9.75 1.5 1.64187e-08
9.75 1.75 1.63715e-08
9.75 2 1.63304e-08
9.75 2.25 1.62867e-08
9.75 2.5 1.62283e-08
9.75 2.75 1.6197e-08
9.75 3 1.61176e-08
9.75 3.25 1.60071e-08
9.75 3.5 1.58744e-08
9.75 3.75 1.56837e-08
9.75 4 1.54825e-08
9.75 4.25 1.52611e-08
9.75 4.5 1.50247e-08
9.75 4.75 1.47313e-08
9.75 5 1.44458e-08
9.75 5.25 1.4028e-08
9.75 5.5 1.35977e-08
9.75 5.75 1.30778e-08
9.75 6 1.25004e-08
9.75 6.25 1.18691e-08
9.75 6.5 1.12158e-08
9.75 6.75 1.05012e-08
9.75 7 9.77311e-09
9.75 7.25 9.0253e-09
9.75 7.5 8.24028e-09
9.75 7.75 7.49283e-09
9.75 8 6.74131e-09
9.75 8.25 6.01933e-09
9.75 8.5 5.32473e-09
9.75 8.75 4.66766e-09
9.75 9 4.04833e-09
9.75 9.25 3.48386e-09
9.75 9.5 2.96721e-09
9.75 9.75 2.5017e-09
9.75 10 2.09368e-09
9.75 10.25 1.73603e-09
9.75 10.5 1.4279e-09
9.75 10.75 1.1642e-09
9.75 11 9.397e-10
9.75 11.25 7.53429e-10
9.75 11.5 5.99812e-10
9.75 11.75 4.74594e-10
9.75 12 3.73322e-10
9.75 12.25 2.9188e-10
9.75 12.5 2.26226e-10
9.75 12.75 1.74767e-10
9.75 13 1.3383e-10
9.75 13.25 1.01599e-10
9.75 13.5 7.70199e-11
9.75 13.75 5.7918e-11
9.75 14 4.35334e-11
9.75 14.25 3.25366e-11
9.75 14.5 2.42204e-11
9.75 14.75 1.79094e-11
9.75 15 1.32342e-11
10 0 1.09958e-08
10 0.25 1.09861e-08
10 0.5 1.09738e-08
10 0.75 1.0972e-08
10 1 1.09575e-08
10 1.25 1.09591e-08
10 1.5 1.09289e-08
10 1.75 1.09267e-08
10 2 1.0922e-08
10 2.25 1.08737e-08
10 2.5 1.08382e-08
10 2.75 1.07876e-08
10 3 1.07202e-08
10 3.25 1.06589e-08
10 3.5 1.05912e-08
10 3.75 1.0447e-08
10 4 1.03103e-08
10 4.25 1.01496e-08
10 4.5 9.97207e-09
10 4.75 9.79217e-09
10 5 9.58905e-09
10 5.25 9.34687e-09
10 5.5 9.04418e-09
10 5.75 8.69997e-09
10 6 8.31248e-09
10 6.25 7.8784e-09
10 6.5 7.44779e-09
10 6.75 6.99414e-09
10 7 6.50473e-09
10 7.25 6.01573e-09
10 7.5 5.50295e-09
10 7.75 5.01329e-09
10 8 4.52237e-09
10 8.25 4.04696e-09
10 8.5 3.58518e-09
10 8.75 3.14221e-09
10 9 2.73697e-09
10 9.25 2.35983e-09
10 9.5 2.02141e-09
10 9.75 1.71403e-09
10 10 1.44015e-09
10 10.25 1.19845e-09
10 10.5 9.88964e-10
10 10.75 8.11052e-10
10 11 6.57403e-10
10 11.25 5.28385e-10
10 11.5 4.22744e-10
10 11.75 3.36944e-10
10 12 2.65813e-10
10 12.25 2.08306e-10
10 12.5 1.62525e-10
10 12.75 1.25915e-10
10 13 9.68712e-11
10 13.25 7.40649e-11
10 13.5 5.63455e-11
10 13.75 4.25731e-11
10 14 3.2125e-11
10 14.25 2.40727e-11
10 14.5 1.80466e-11
10 14.75 1.34347e-11
10 15 9.95201e-12
