50	
0	0	1	2	0	0	3	61	41	2	0	65	4523	1003	15	1	66	3139	922	17	0	6	33	30	0	9	61	0	10000	7.5	12	24.55
0	0	0	2	0	1	5	56	44	0	1	83	4492	1071	9	1	67	3115	877	13	0	3	50	43	3	9	55	0	10000	7.5	12	23.65
0	0	1	2	0	0	7	59	51	2	1	72	4402	1123	9	0	76	3156	873	12	0	3	31	33	1	6	80	0	10000	7.5	12	22.75
0	0	0	3	0	0	8	54	41	2	1	77	4454	1065	12	0	65	3149	895	11	1	3	38	35	1	14	71	0	10000	7.5	12	21.85
0	0	1	0	0	0	9	53	42	0	2	77	4524	1068	13	0	60	3044	945	18	1	5	32	25	0	7	74	0	10000	7.5	12	20.95
0	0	0	2	0	0	9	52	53	5	0	67	4608	1041	13	1	72	3054	866	14	0	2	40	28	2	7	64	0	10000	7.5	12	20.05
0	0	5	2	2	2	5	76	44	2	1	73	4617	1052	18	0	67	3010	857	8	0	4	37	32	0	8	78	0	10000	7.5	12	19.15
0	0	1	1	0	0	6	47	48	1	3	96	4475	1087	17	0	73	3090	866	13	0	2	49	30	1	13	81	0	10000	7.5	12	18.25
1	0	1	0	1	0	10	60	49	6	2	83	4516	1061	20	1	79	3036	903	11	1	6	33	29	0	10	81	0	10000	7.5	12	17.35
0	0	0	1	0	0	6	67	53	4	3	78	4411	1153	11	1	78	2987	933	14	0	4	47	36	3	11	99	0	10000	7.5	12	16.45
0	0	0	1	0	0	12	59	43	2	2	92	4432	1070	19	2	82	3066	923	17	0	4	39	29	2	8	96	0	10000	7.5	12	15.55
0	0	1	3	0	0	8	55	43	0	1	85	4435	1088	18	1	79	3029	930	15	1	6	48	32	0	11	111	0	10000	7.5	12	14.65
0	1	0	1	0	0	8	81	43	2	1	90	4260	1187	14	1	80	3095	926	15	0	2	34	31	2	8	118	0	10000	7.5	12	13.75
0	1	3	2	0	0	5	69	50	1	2	104	4262	1110	22	0	93	3118	943	15	1	2	34	28	1	12	122	0	10000	7.5	12	12.85
0	0	0	1	0	0	7	66	50	1	0	113	4312	1083	4	0	82	3079	963	15	1	3	45	28	3	6	138	0	10000	7.5	12	11.95
0	0	6	0	0	0	10	61	57	1	1	114	4159	1196	7	1	100	3085	944	15	0	7	41	31	1	6	157	0	10000	7.5	12	11.05
0	0	2	0	1	0	8	62	47	0	3	124	4111	1187	22	1	93	3042	1024	20	0	2	46	44	2	9	150	0	10000	7.5	12	10.15
0	0	4	2	0	1	2	76	54	3	2	117	4115	1184	16	3	99	2978	984	16	0	13	48	38	0	10	235	0	10000	7.5	12	9.25
0	1	3	2	0	0	11	90	46	6	1	98	4089	1218	15	0	94	3014	949	19	0	6	55	47	3	15	218	0	10000	7.5	12	8.35
0	0	1	1	0	0	8	82	63	2	0	102	3996	1196	24	3	111	3081	915	15	0	8	56	46	2	14	274	0	10000	7.5	12	7.45
0	0	5	2	0	1	10	67	60	0	2	99	3991	1175	17	0	106	3045	960	15	0	5	52	36	1	21	330	0	10000	7.5	12	6.55
0	2	4	1	0	2	13	78	52	2	4	134	3857	1207	17	1	100	3047	974	15	1	6	63	48	2	11	359	0	10000	7.5	12	5.65
0	0	2	1	0	2	13	69	61	0	1	105	3791	1236	17	2	104	2974	953	17	0	5	61	39	0	8	539	0	10000	7.5	12	4.75
0	0	1	2	0	0	13	65	64	1	7	121	3655	1154	15	1	116	2751	930	19	0	10	55	40	1	7	972	0	10000	7.5	12	3.85
0	0	3	0	0	0	9	74	54	3	2	111	3305	1089	12	3	102	2503	873	13	0	3	51	33	5	14	1738	0	10000	7.5	12	2.95
0	0	2	1	0	0	10	67	62	2	0	87	2840	912	14	3	93	2274	749	17	0	4	46	40	0	25	2752	0	10000	7.5	12	2.05
0	0	3	0	1	0	7	49	31	1	1	62	2394	758	9	2	73	1823	698	9	0	3	44	25	2	18	3987	0	10000	7.5	12	1.15
0	0	0	0	0	0	4	40	28	1	1	62	1857	595	11	0	64	1497	479	11	0	3	34	15	3	33	5262	0	10000	7.5	12	0.25
0	0	1	0	0	0	6	41	27	1	0	47	1382	443	8	0	57	1085	362	8	0	5	16	14	0	27	6470	0	10000	7.5	12	-0.65
0	0	1	1	0	0	4	23	20	0	1	26	1034	363	5	0	36	797	296	5	0	4	17	11	3	31	7322	0	10000	7.5	12	-1.55
0	0	0	0	0	0	2	29	10	1	0	30	758	270	4	0	20	620	201	2	0	1	16	3	0	34	7999	0	10000	7.5	12	-2.45
0	1	0	0	0	0	1	9	15	0	0	25	581	188	2	0	18	477	156	2	0	2	10	5	2	51	8455	0	10000	7.5	12	-3.35
0	0	0	1	0	0	0	9	10	0	0	25	434	149	3	0	7	331	134	1	0	2	9	5	0	64	8816	0	10000	7.5	12	-4.25
0	0	0	0	0	0	2	12	7	1	0	12	328	97	3	0	16	258	81	1	0	3	10	7	0	76	9086	0	10000	7.5	12	-5.15
0	0	0	0	0	0	3	5	8	0	0	11	231	85	0	0	11	198	69	0	0	2	3	4	0	112	9258	0	10000	7.5	12	-6.05
0	0	0	0	0	0	1	9	1	1	0	9	177	72	2	0	5	142	43	0	0	0	7	4	0	143	9384	0	10000	7.5	12	-6.95
0	0	0	0	0	0	2	2	3	1	0	3	131	63	2	0	4	109	40	2	0	1	1	1	0	185	9450	0	10000	7.5	12	-7.85
0	0	0	0	0	0	1	7	1	0	0	4	103	47	1	0	5	87	39	0	0	0	0	1	0	248	9456	0	10000	7.5	12	-8.75
0	0	0	0	0	0	0	1	2	0	0	3	69	28	0	0	1	55	23	0	0	0	2	3	0	316	9497	0	10000	7.5	12	-9.65
0	0	0	0	0	0	1	2	1	0	0	4	67	25	0	0	3	50	15	0	0	0	1	1	0	430	9400	0	10000	7.5	12	-10.55
0	0	0	0	0	0	0	0	1	1	0	4	42	8	0	0	1	43	10	1	0	0	0	2	0	572	9315	0	10000	7.5	12	-11.45
0	0	0	0	0	0	0	1	0	0	0	2	33	9	1	1	0	23	8	0	0	0	1	0	0	766	9155	0	10000	7.5	12	-12.35
0	0	0	0	0	0	0	0	1	0	0	0	25	6	0	0	1	16	12	0	0	0	0	0	0	1068	8871	0	10000	7.5	12	-13.25
0	0	0	0	0	0	0	1	0	0	0	3	24	6	0	0	0	12	8	1	0	0	1	0	0	1391	8553	0	10000	7.5	12	-14.15
0	0	0	0	0	0	0	0	0	0	0	1	18	4	1	0	1	6	7	0	0	0	0	0	0	1826	8136	0	10000	7.5	12	-15.05
0	0	0	0	0	0	0	0	1	0	0	0	9	2	0	0	0	7	7	0	0	0	0	1	0	2402	7571	0	10000	7.5	12	-15.95
0	0	0	0	0	0	0	0	2	0	0	0	4	3	0	0	0	5	5	0	0	0	0	0	0	3240	6741	0	10000	7.5	12	-16.85
0	0	0	0	0	0	0	0	0	0	0	2	5	5	0	0	0	3	0	0	0	1	0	0	0	4337	5647	0	10000	7.5	12	-17.75
0	0	0	0	0	0	0	0	0	0	0	1	5	1	0	0	0	2	0	0	0	0	0	0	0	5728	4263	0	10000	7.5	12	-18.65
0	0	0	0	0	0	0	0	0	0	0	0	2	0	0	0	0	1	2	0	0	0	0	0	0	7313	2682	0	10000	7.5	12	-19.55
