50	
0	0	1	1	0	0	11	46	31	1	4	73	6890	602	10	0	68	1755	404	5	0	6	23	21	2	4	42	0	10000	4.5	9	24.55
0	0	1	0	0	1	5	26	24	1	1	76	7019	575	4	0	52	1763	363	8	0	3	24	11	0	4	39	0	10000	4.5	9	23.65
0	1	0	0	0	0	2	59	26	1	1	77	7115	513	5	0	63	1663	366	10	0	3	14	24	0	7	50	0	10000	4.5	9	22.75
0	1	2	1	0	1	9	46	30	0	0	80	7109	565	5	1	63	1622	356	5	0	3	28	19	0	4	50	0	10000	4.5	9	21.85
0	1	0	3	1	0	4	38	31	0	1	81	7173	510	2	0	65	1669	333	1	0	7	16	12	1	8	43	0	10000	4.5	9	20.95
0	0	1	0	0	0	9	46	33	1	3	74	7252	507	6	1	74	1557	348	3	0	4	15	13	0	5	48	0	10000	4.5	9	20.05
0	0	0	0	0	0	8	43	34	1	1	86	7245	503	2	1	51	1617	337	2	0	6	15	8	1	2	37	0	10000	4.5	9	19.15
0	0	2	3	1	2	8	41	27	2	0	95	7274	525	4	1	57	1538	317	6	0	4	15	20	1	2	55	0	10000	4.5	9	18.25
0	0	1	0	0	0	4	44	25	0	2	85	7227	525	6	1	59	1589	338	6	0	1	19	13	0	3	52	0	10000	4.5	9	17.35
0	0	0	0	0	0	12	49	30	2	3	96	7204	516	2	2	78	1584	315	6	0	4	18	10	0	2	67	0	10000	4.5	9	16.45
0	0	1	0	0	0	9	63	29	0	1	96	7099	559	4	1	77	1585	368	12	0	4	23	13	2	4	50	0	10000	4.5	9	15.55
0	0	0	0	0	0	7	57	27	2	2	111	6928	575	6	3	76	1716	375	5	0	4	19	13	1	3	70	0	10000	4.5	9	14.65
0	1	1	1	0	1	10	52	45	0	3	109	6912	562	7	0	90	1673	390	4	0	5	23	19	1	3	88	0	10000	4.5	9	13.75
0	0	4	2	0	0	11	78	39	2	0	118	6627	629	8	0	83	1850	395	8	0	6	20	21	3	7	89	0	10000	4.5	9	12.85
0	0	0	0	0	1	11	73	33	1	0	123	6650	644	6	2	111	1791	423	3	0	7	26	9	0	3	83	0	10000	4.5	9	11.95
0	0	0	2	0	0	21	69	46	0	4	145	6360	705	10	2	110	1926	404	7	0	5	34	11	0	4	135	0	10000	4.5	9	11.05
0	0	1	1	0	0	13	97	52	2	3	161	6097	728	9	1	121	2018	492	12	0	3	23	18	0	6	142	0	10000	4.5	9	10.15
0	0	1	0	1	1	12	69	49	0	3	163	5965	790	10	1	125	2087	494	9	0	9	25	17	0	7	162	0	10000	4.5	9	9.25
0	0	1	1	0	0	22	84	49	0	1	169	5902	776	7	2	110	2099	495	6	1	6	33	14	0	8	214	0	10000	4.5	9	8.35
0	1	3	2	0	0	20	105	63	2	3	160	5692	797	11	3	128	2176	518	10	0	7	38	24	1	6	230	0	10000	4.5	9	7.45
0	0	3	1	0	0	20	101	65	3	0	181	5605	849	3	6	139	2126	517	8	0	13	33	20	0	8	299	0	10000	4.5	9	6.55
0	1	0	1	0	0	28	113	56	3	2	190	5558	791	13	2	147	2110	544	6	0	7	24	18	1	10	375	0	10000	4.5	9	5.65
1	1	3	3	0	0	21	99	62	1	3	177	5422	850	7	2	119	2148	491	11	0	11	33	25	0	15	495	0	10000	4.5	9	4.75
0	1	3	2	0	0	10	117	67	3	4	183	5120	803	13	3	131	2001	508	8	2	8	31	24	3	9	946	0	10000	4.5	9	3.85
0	0	1	2	0	0	22	92	46	3	1	147	4664	740	13	0	130	1933	418	9	0	4	29	18	0	15	1713	0	10000	4.5	9	2.95
0	0	0	3	0	0	16	105	46	1	3	148	4039	657	6	3	120	1673	405	10	0	7	24	17	1	11	2705	0	10000	4.5	9	2.05
0	2	2	2	0	1	11	94	48	0	2	125	3312	568	6	1	112	1340	333	10	0	6	20	9	0	13	3983	0	10000	4.5	9	1.15
0	0	1	1	0	0	8	51	35	1	1	99	2566	437	5	1	72	1130	245	5	1	4	12	13	2	28	5282	0	10000	4.5	9	0.25
0	1	3	0	0	1	8	43	18	0	1	69	1887	360	5	2	72	847	184	2	0	3	13	4	2	14	6461	0	10000	4.5	9	-0.65
0	0	1	1	0	0	15	41	21	2	0	63	1395	240	1	0	39	633	155	3	0	3	10	3	0	33	7341	0	10000	4.5	9	-1.55
0	0	1	0	0	0	6	28	16	0	0	45	1060	201	4	1	31	466	125	2	0	4	7	8	1	43	7951	0	10000	4.5	9	-2.45
0	0	1	0	0	0	5	23	15	0	4	43	774	156	4	1	24	371	98	0	0	1	3	3	0	48	8426	0	10000	4.5	9	-3.35
0	1	1	0	0	0	4	20	12	0	1	18	554	112	1	1	29	285	76	2	0	0	12	4	0	70	8797	0	10000	4.5	9	-4.25
0	0	0	1	0	0	2	19	7	0	0	20	443	85	1	0	15	195	46	1	0	2	4	3	0	82	9074	0	10000	4.5	9	-5.15
0	0	0	0	0	0	4	19	2	0	0	20	311	64	1	1	14	165	34	0	0	0	5	0	0	79	9281	0	10000	4.5	9	-6.05
0	0	0	0	0	0	0	8	2	0	0	10	193	61	0	0	9	115	31	1	0	0	2	0	0	156	9412	0	10000	4.5	9	-6.95
0	0	0	0	0	0	1	6	0	0	0	4	158	47	2	0	7	74	21	0	0	1	2	1	0	192	9484	0	10000	4.5	9	-7.85
0	0	0	0	0	0	2	7	1	0	0	4	117	35	0	0	4	64	21	1	0	1	2	0	0	236	9505	0	10000	4.5	9	-8.75
0	0	0	0	0	0	1	4	1	0	0	9	91	27	0	0	3	41	15	0	0	0	1	0	0	355	9452	0	10000	4.5	9	-9.65
0	0	0	0	0	0	0	2	0	0	0	1	62	20	0	0	3	48	14	0	0	0	1	1	0	422	9426	0	10000	4.5	9	-10.55
0	0	1	0	0	1	1	3	1	0	0	4	53	14	1	0	5	37	9	0	0	0	0	0	0	625	9245	0	10000	4.5	9	-11.45
0	0	0	0	0	0	0	1	0	0	0	0	26	11	1	0	0	23	8	0	0	0	0	0	0	792	9138	0	10000	4.5	9	-12.35
0	0	0	0	0	0	0	2	0	0	0	2	28	6	0	0	2	18	4	0	0	0	0	2	0	1034	8902	0	10000	4.5	9	-13.25
0	0	0	0	0	0	0	1	0	0	0	1	19	8	0	0	3	17	5	0	0	0	0	0	0	1382	8564	0	10000	4.5	9	-14.15
0	0	0	0	0	0	0	1	0	0	0	1	17	4	0	0	0	7	2	0	0	0	0	0	0	1829	8139	0	10000	4.5	9	-15.05
0	0	0	0	0	0	0	0	1	0	1	1	12	4	0	0	0	3	2	0	0	0	0	0	0	2458	7518	0	10000	4.5	9	-15.95
0	0	0	0	0	0	0	1	0	0	0	2	4	2	0	0	0	2	2	0	0	0	0	0	0	3196	6791	0	10000	4.5	9	-16.85
0	0	0	0	0	0	0	0	0	0	0	0	5	1	0	0	0	3	1	0	0	0	0	0	0	4216	5774	0	10000	4.5	9	-17.75
0	0	0	0	0	0	0	0	1	0	0	1	1	2	0	0	0	3	1	0	0	0	0	1	0	5875	4115	0	10000	4.5	9	-18.65
0	0	0	0	0	0	0	0	1	0	0	0	4	0	0	0	0	0	0	0	0	0	0	0	0	7256	2739	0	10000	4.5	9	-19.55
