50	
0	0	0	2	0	0	4	80	55	4	0	62	5836	1321	4	1	54	1733	727	9	0	4	24	18	1	5	56	0	10000	8.5	8.5	24.55
0	1	2	1	0	0	5	72	59	4	1	51	5850	1330	15	1	43	1725	719	8	0	2	20	24	1	6	60	0	10000	8.5	8.5	23.65
0	0	0	2	0	1	8	84	58	2	0	55	5807	1358	15	1	42	1714	710	10	0	5	29	21	7	6	65	0	10000	8.5	8.5	22.75
0	0	3	1	0	1	9	70	67	3	1	47	5925	1293	16	0	42	1674	712	12	0	2	25	24	2	8	63	0	10000	8.5	8.5	21.85
0	0	1	0	0	0	3	83	57	0	0	47	5942	1311	9	1	46	1650	715	10	1	4	13	21	2	7	77	0	10000	8.5	8.5	20.95
0	0	3	0	0	0	5	78	73	2	1	54	5978	1323	11	0	48	1568	725	12	0	0	28	20	2	7	62	0	10000	8.5	8.5	20.05
0	0	1	3	0	1	6	86	80	0	0	63	5912	1270	11	1	50	1698	695	9	0	2	26	22	2	4	58	0	10000	8.5	8.5	19.15
0	0	2	1	0	0	0	87	90	2	1	55	5861	1374	10	0	51	1636	684	17	0	4	27	23	1	8	66	0	10000	8.5	8.5	18.25
0	0	2	3	0	1	6	79	69	3	0	68	5832	1296	13	2	44	1655	769	25	1	4	23	20	2	3	80	0	10000	8.5	8.5	17.35
0	0	0	1	0	0	6	79	69	2	0	60	5934	1325	11	0	56	1649	661	12	1	2	18	19	1	7	87	0	10000	8.5	8.5	16.45
0	0	3	2	0	1	6	105	77	2	0	65	5796	1374	11	2	47	1624	723	15	0	5	32	25	1	8	76	0	10000	8.5	8.5	15.55
0	0	3	1	0	0	12	79	82	4	0	53	5818	1327	16	0	50	1693	716	13	0	2	25	28	1	9	68	0	10000	8.5	8.5	14.65
0	0	3	4	0	0	19	107	100	4	3	91	5675	1405	11	0	61	1628	693	9	0	3	37	25	3	9	110	0	10000	8.5	8.5	13.75
0	0	3	2	0	0	6	97	90	4	0	95	5630	1398	11	1	54	1725	719	11	1	1	27	20	0	5	100	0	10000	8.5	8.5	12.85
0	0	2	3	0	0	3	105	90	2	0	73	5523	1458	12	0	48	1690	769	14	0	3	35	30	2	9	129	0	10000	8.5	8.5	11.95
0	1	3	2	0	1	8	114	73	3	1	94	5255	1486	19	0	64	1828	819	8	0	3	29	33	0	6	150	0	10000	8.5	8.5	11.05
0	0	1	2	0	0	19	106	94	4	1	99	5294	1525	19	0	62	1770	772	14	0	3	23	30	1	4	157	0	10000	8.5	8.5	10.15
0	0	6	4	0	0	10	133	106	2	1	98	5136	1576	23	3	78	1785	756	13	0	3	37	29	1	11	189	0	10000	8.5	8.5	9.25
0	1	1	2	0	0	12	126	108	4	1	88	5120	1468	14	4	71	1860	778	8	0	6	41	31	1	8	247	0	10000	8.5	8.5	8.35
0	0	2	3	0	0	12	130	89	3	0	79	4973	1516	16	1	61	1879	872	19	0	5	31	34	1	5	269	0	10000	8.5	8.5	7.45
0	0	3	3	0	0	11	138	90	6	0	89	5047	1490	15	3	69	1796	826	17	1	7	39	22	1	9	318	0	10000	8.5	8.5	6.55
0	0	4	4	0	0	12	139	107	3	1	98	4881	1541	25	2	64	1876	766	10	0	9	38	26	3	8	383	0	10000	8.5	8.5	5.65
0	2	2	0	0	0	10	130	101	5	0	89	4716	1493	19	1	83	1951	755	18	0	4	38	37	1	10	535	0	10000	8.5	8.5	4.75
0	0	5	5	0	0	15	110	88	6	1	103	4484	1449	21	1	60	1807	787	21	0	7	29	22	1	8	970	0	10000	8.5	8.5	3.85
0	0	3	1	0	0	8	117	82	4	1	93	4062	1297	18	1	81	1746	714	16	0	2	38	36	2	10	1668	0	10000	8.5	8.5	2.95
0	0	3	3	0	0	11	120	86	2	3	68	3494	1204	16	2	62	1446	677	15	0	6	25	19	0	16	2722	0	10000	8.5	8.5	2.05
0	0	3	2	0	0	7	95	69	4	1	79	2893	1013	16	1	50	1191	500	14	0	4	19	24	4	14	3997	0	10000	8.5	8.5	1.15
0	0	0	2	0	0	5	79	56	2	2	56	2221	759	8	0	34	974	439	16	0	3	17	15	1	18	5293	0	10000	8.5	8.5	0.25
1	0	2	3	0	0	5	59	44	1	0	43	1659	616	8	0	29	643	318	6	1	2	10	12	2	26	6510	0	10000	8.5	8.5	-0.65
0	0	1	0	0	0	2	45	25	0	1	39	1204	459	9	0	27	542	236	2	0	1	7	7	1	27	7365	0	10000	8.5	8.5	-1.55
0	0	0	0	0	0	2	42	27	1	1	21	858	345	6	0	13	419	176	6	0	0	15	4	0	26	8038	0	10000	8.5	8.5	-2.45
0	0	0	0	0	1	3	19	20	2	0	19	670	256	0	0	7	314	136	3	0	1	9	5	1	50	8484	0	10000	8.5	8.5	-3.35
0	0	1	0	0	0	1	20	15	0	0	19	486	193	3	0	16	203	106	0	0	1	7	3	0	77	8849	0	10000	8.5	8.5	-4.25
0	0	0	0	0	0	0	22	15	0	0	14	378	140	1	0	7	201	84	4	0	0	3	2	0	74	9055	0	10000	8.5	8.5	-5.15
0	0	0	1	0	0	0	12	4	1	0	5	248	109	3	0	9	120	46	1	0	1	6	3	0	94	9337	0	10000	8.5	8.5	-6.05
0	0	1	0	0	0	2	10	2	1	0	6	195	82	2	0	4	98	55	1	0	0	1	1	0	141	9398	0	10000	8.5	8.5	-6.95
0	0	0	0	0	0	1	6	4	1	0	7	155	71	0	0	4	61	43	0	0	0	0	0	0	197	9450	0	10000	8.5	8.5	-7.85
0	0	0	0	0	0	1	6	4	0	0	2	106	61	0	0	5	52	18	0	0	0	3	1	0	282	9459	0	10000	8.5	8.5	-8.75
0	0	1	0	0	0	0	4	1	0	0	3	85	45	2	0	1	34	27	0	0	0	1	3	0	315	9478	0	10000	8.5	8.5	-9.65
0	0	0	0	0	0	0	4	3	0	0	2	38	24	1	0	3	27	26	0	0	0	2	1	0	409	9460	0	10000	8.5	8.5	-10.55
0	0	0	0	0	0	0	0	1	0	0	2	48	22	1	0	1	21	15	0	0	0	0	0	0	584	9305	0	10000	8.5	8.5	-11.45
0	0	0	0	0	0	2	1	3	0	0	3	32	14	0	0	0	14	8	0	0	0	1	2	0	800	9120	0	10000	8.5	8.5	-12.35
0	0	0	0	0	0	1	0	1	0	0	1	30	16	0	0	1	14	7	0	0	0	0	0	0	1087	8842	0	10000	8.5	8.5	-13.25
0	0	0	0	0	0	0	1	0	0	0	0	21	14	0	0	1	6	9	1	0	0	0	1	0	1417	8529	0	10000	8.5	8.5	-14.15
0	0	0	0	0	0	0	0	2	1	0	0	9	4	0	0	0	3	6	1	0	0	0	0	0	1790	8184	0	10000	8.5	8.5	-15.05
0	0	0	0	0	0	0	0	0	0	0	1	9	5	0	0	2	5	2	1	0	0	0	0	0	2487	7488	0	10000	8.5	8.5	-15.95
0	0	0	0	0	0	0	0	0	0	0	0	10	3	0	0	0	1	3	0	0	0	0	0	0	3200	6783	0	10000	8.5	8.5	-16.85
0	0	0	0	0	0	0	0	0	0	0	0	3	2	0	0	0	1	2	0	0	0	0	0	0	4270	5722	0	10000	8.5	8.5	-17.75
0	0	0	0	0	0	1	1	0	0	0	0	0	0	0	0	0	2	1	0	0	0	0	0	0	5739	4256	0	10000	8.5	8.5	-18.65
0	0	0	0	0	0	0	0	0	0	0	0	1	0	0	0	0	2	1	0	0	0	0	0	0	7319	2677	0	10000	8.5	8.5	-19.55
