     .28714     .30262     .31827     .30499     .29670     .33503     .33409
     .29521     .35367     .37114     .36787     .42106     .42811     .45314
     .53078     .64299     .82808    1.59272 
     .10457     .10412     .08711     .11635     .08769     .10405     .12321
     .10786     .12530     .10719     .11203     .10923     .15555     .14953
     .15362     .20119     .28784     .52396 
     .05654     .06276     .06991     .08005     .06468     .06506     .06434
     .08934     .05419     .07023     .07391     .07023     .08259     .09893
     .09987     .15721     .17200     .34325 
     .04580     .05599     .06241     .04932     .03701     .06165     .04532
     .05105     .08353     .04034     .06379     .07559     .06655     .06652
     .08309     .09043     .12916     .23524 
     .03780     .02193     .04699     .04476     .03628     .03807     .04737
     .04336     .04371     .04996     .04339     .04005     .06144     .06757
     .08410     .07231     .12378     .18149 
     .02202     .02974     .03441     .03102     .03020     .03965     .04920
     .02627     .04093     .03954     .04057     .05006     .05571     .04213
     .05450     .09982     .13455     .13847 
     .02231     .02973     .03466     .03709     .02736     .04575     .02436
     .03571     .04924     .03283     .04230     .04553     .06869     .05289
     .06947     .07775     .12358     .10729 
     .02218     .03353     .02506     .02925     .03162     .03963     .03615
     .03308     .04370     .03716     .05190     .03886     .04895     .06028
     .06786     .09765     .12150     .10296 
     .03009     .03499     .02718     .04011     .02661     .03628     .04267
     .04468     .03101     .03604     .04181     .05066     .07055     .07597
     .09394     .13376     .12900     .07535 
     .02937     .03856     .05309     .03331     .03099     .04302     .05897
     .03618     .04977     .06226     .05522     .06071     .09400     .09928
     .11708     .12346     .10831     .08720 
     .04765     .05135     .04669     .05581     .05242     .06055     .05658
     .06031     .07399     .09916     .12117     .10569     .11372     .15819
     .16718     .12514     .08757     .08353 
     .11833     .13363     .12568     .14359     .14730     .13527     .16226
     .15957     .19545     .18109     .16242     .15522     .16968     .17156
     .14380     .14171     .11596     .06352 
     .29326     .26090     .26301     .28033     .24225     .22386     .22721
     .23247     .20401     .18170     .19580     .18476     .16984     .16953
     .12464     .10062     .08098     .06502 
     .27796     .25417     .29015     .27598     .25563     .24605     .23638
     .27340     .20937     .20518     .20020     .19299     .17061     .15137
     .14408     .11044     .09723     .05766 
     .31637     .29402     .27469     .29500     .24914     .29134     .25682
     .26894     .20037     .18652     .20915     .18322     .16075     .14218
     .13722     .11377     .07795     .05761 
     .27198     .24804     .25451     .23416     .22097     .21828     .25494
     .22348     .21184     .20347     .19582     .16548     .16559     .13730
     .13488     .11218     .07685     .04811 
     .22540     .22226     .22040     .21147     .20011     .20756     .21318
     .21044     .18837     .18701     .19473     .17169     .15456     .10297
     .13354     .07356     .07852     .05097 
     .20703     .19494     .18268     .17600     .18574     .18722     .18147
     .16177     .18545     .18362     .16136     .15124     .12355     .12948
     .10037     .09056     .07475     .04839 
     .16344     .14237     .16319     .15084     .15787     .15160     .16457
     .14829     .13204     .16420     .15519     .14869     .11107     .12515
     .10188     .08698     .06154     .05602 
     .08305     .09974     .10078     .09095     .10325     .08906     .12035
     .09656     .11832     .11468     .10398     .11529     .11876     .12524
     .10381     .07870     .06874     .04404 
     .00000     .00000     .00307     .00818     .02092     .02560     .02690
     .05842     .06522     .07924     .10051     .10656     .09237     .09290
     .09068     .07999     .05394     .04996 
     .00000     .00000     .00000     .00000     .00000     .00000     .00102
     .01328     .02579     .02076     .04289     .05878     .07862     .09004
     .06392     .07304     .06156     .03796 
     .00000     .00000     .00000     .00000     .00000     .00000     .00000
     .00102     .00665     .01244     .01516     .03020     .03988     .04564
     .05805     .05834     .06264     .03328 
     .00000     .00000     .00000     .00000     .00000     .00000     .00000
     .00000     .00000     .00288     .00678     .01467     .01708     .02406
     .03930     .04322     .04094     .03237 
     .00000     .00000     .00000     .00000     .00000     .00000     .00000
     .00000     .00000     .00000     .00345     .00743     .01152     .02275
     .02174     .03882     .04304     .03083 
     .00000     .00000     .00000     .00000     .00000     .00000     .00000
     .00000     .00000     .00000     .00000     .00751     .00690     .00864
     .00811     .01502     .01855     .02383 
     .00000     .00000     .00000     .00000     .00000     .00000     .00000
     .00000     .00000     .00000     .00000     .00308     .00326     .00038
     .01006     .02050     .01191     .02623 
     .00000     .00000     .00000     .00000     .00000     .00000     .00000
     .00000     .00000     .00000     .00000     .00000     .00141     .00596
     .00372     .01498     .01993     .03215 
     .00000     .00000     .00000     .00000     .00000     .00000     .00000
     .00000     .00000     .00000     .00000     .00000     .00102     .00334
     .00583     .01329     .01686     .03056 
     .00000     .00000     .00000     .00000     .00000     .00000     .00000
     .00000     .00000     .00000     .00000     .00000     .00000     .00205
     .00512     .00726     .01047     .02333 
     .00000     .00000     .00000     .00000     .00000     .00000     .00000
     .00000     .00000     .00000     .00000     .00000     .00000     .00296
     .00481     .00769     .01468     .01470 
     .00000     .00000     .00000     .00000     .00000     .00000     .00000
     .00000     .00000     .00000     .00000     .00000     .00000     .00000
     .00148     .00255     .00647     .01737 
     .00000     .00000     .00000     .00000     .00000     .00000     .00000
     .00000     .00000     .00000     .00000     .00000     .00000     .00000
     .00000     .00186     .00474     .01382 
     .00000     .00000     .00000     .00000     .00000     .00000     .00000
     .00000     .00000     .00000     .00000     .00000     .00000     .00000
     .00000     .00000     .00346     .01613 
     .00000     .00000     .00000     .00000     .00000     .00000     .00000
     .00000     .00000     .00000     .00000     .00000     .00000     .00000
     .00000     .00205     .00102     .01252 
     .00000     .00000     .00000     .00000     .00000     .00000     .00000
     .00000     .00000     .00000     .00000     .00000     .00000     .00000
     .00000     .00000     .00000     .00392 
     .00000     .00000     .00000     .00000     .00000     .00000     .00000
     .00000     .00000     .00000     .00000     .00000     .00000     .00000
     .00000     .00000     .00000     .00539 
     .00000     .00000     .00000     .00000     .00000     .00000     .00000
     .00000     .00000     .00000     .00000     .00000     .00000     .00000
     .00000     .00000     .00000     .00000 
     .00000     .00000     .00000     .00000     .00000     .00000     .00000
     .00000     .00000     .00000     .00000     .00000     .00000     .00000
     .00000     .00000     .00000     .00000 
     .00000     .00000     .00000     .00000     .00000     .00000     .00000
     .00000     .00000     .00000     .00000     .00000     .00000     .00000
     .00000     .00000     .00000     .00000 
     .00000     .00000     .00000     .00000     .00000     .00000     .00000
     .00000     .00000     .00000     .00000     .00000     .00000     .00000
     .00000     .00000     .00000     .00000 
     .00000     .00000     .00000     .00000     .00000     .00000     .00000
     .00000     .00000     .00000     .00000     .00000     .00000     .00000
     .00000     .00000     .00000     .00000 
     .00000     .00000     .00000     .00000     .00000     .00000     .00000
     .00000     .00000     .00000     .00000     .00000     .00000     .00000
     .00000     .00000     .00000     .00000 
     .00000     .00000     .00000     .00000     .00000     .00000     .00000
     .00000     .00000     .00000     .00000     .00000     .00000     .00000
     .00000     .00000     .00000     .00000 
     .00000     .00000     .00000     .00000     .00000     .00000     .00000
     .00000     .00000     .00000     .00000     .00000     .00000     .00000
     .00000     .00000     .00000     .00000 
     .00000     .00000     .00000     .00000     .00000     .00000     .00000
     .00000     .00000     .00000     .00000     .00000     .00000     .00000
     .00000     .00000     .00000     .00000 
     .00000     .00000     .00000     .00000     .00000     .00000     .00000
     .00000     .00000     .00000     .00000     .00000     .00000     .00000
     .00000     .00000     .00000     .00000 
     .00000     .00000     .00000     .00000     .00000     .00000     .00000
     .00000     .00000     .00000     .00000     .00000     .00000     .00000
     .00000     .00000     .00000     .00000 
     .00000     .00000     .00000     .00000     .00000     .00000     .00000
     .00000     .00000     .00000     .00000     .00000     .00000     .00000
     .00000     .00000     .00000     .00000 
     .00000     .00000     .00000     .00000     .00000     .00000     .00000
     .00000     .00000     .00000     .00000     .00000     .00000     .00000
     .00000     .00000     .00000     .00000 
     .00000     .00000     .00000     .00000     .00000     .00000     .00000
     .00000     .00000     .00000     .00000     .00000     .00000     .00000
     .00000     .00000     .00000     .00000 
     .00000     .00000     .00000     .00000     .00000     .00000     .00000
     .00000     .00000     .00000     .00000     .00000     .00000     .00000
     .00000     .00000     .00000     .00000 
     .00000     .00000     .00000     .00000     .00000     .00000     .00000
     .00000     .00000     .00000     .00000     .00000     .00000     .00000
     .00000     .00000     .00000     .00000 
     .00000     .00000     .00000     .00000     .00000     .00000     .00000
     .00000     .00000     .00000     .00000     .00000     .00000     .00000
     .00000     .00000     .00000     .00000 
     .00000     .00000     .00000     .00000     .00000     .00000     .00000
     .00000     .00000     .00000     .00000     .00000     .00000     .00000
     .00000     .00000     .00000     .00000 
     .00000     .00000     .00000     .00000     .00000     .00000     .00000
     .00000     .00000     .00000     .00000     .00000     .00000     .00000
     .00000     .00000     .00000     .00000 
     .00000     .00000     .00000     .00000     .00000     .00000     .00000
     .00000     .00000     .00000     .00000     .00000     .00000     .00000
     .00000     .00000     .00000     .00000 
     .00000     .00000     .00000     .00000     .00000     .00000     .00000
     .00000     .00000     .00000     .00000     .00000     .00000     .00000
     .00000     .00000     .00000     .00000 
     .00000     .00000     .00000     .00000     .00000     .00000     .00000
     .00000     .00000     .00000     .00000     .00000     .00000     .00000
     .00000     .00000     .00000     .00000 
     .00000     .00000     .00000     .00000     .00000     .00000     .00000
     .00000     .00000     .00000     .00000     .00000     .00000     .00000
     .00000     .00000     .00000     .00000 
     .00000     .00000     .00000     .00000     .00000     .00000     .00000
     .00000     .00000     .00000     .00000     .00000     .00000     .00000
     .00000     .00000     .00000     .00000 
     .00000     .00000     .00000     .00000     .00000     .00000     .00000
     .00000     .00000     .00000     .00000     .00000     .00000     .00000
     .00000     .00000     .00000     .00000 
     .00000     .00000     .00000     .00000     .00000     .00000     .00000
     .00000     .00000     .00000     .00000     .00000     .00000     .00000
     .00000     .00000     .00000     .00000 
     .00000     .00000     .00000     .00000     .00000     .00000     .00000
     .00000     .00000     .00000     .00000     .00000     .00000     .00000
     .00000     .00000     .00000     .00000 
     .00000     .00000     .00000     .00000     .00000     .00000     .00000
     .00000     .00000     .00000     .00000     .00000     .00000     .00000
     .00000     .00000     .00000     .00000 
     .00000     .00000     .00000     .00000     .00000     .00000     .00000
     .00000     .00000     .00000     .00000     .00000     .00000     .00000
     .00000     .00000     .00000     .00000 
     .00000     .00000     .00000     .00000     .00000     .00000     .00000
     .00000     .00000     .00000     .00000     .00000     .00000     .00000
     .00000     .00000     .00000     .00000 
     .00000     .00000     .00000     .00000     .00000     .00000     .00000
     .00000     .00000     .00000     .00000     .00000     .00000     .00000
     .00000     .00000     .00000     .00000 
     .00000     .00000     .00000     .00000     .00000     .00000     .00000
     .00000     .00000     .00000     .00000     .00000     .00000     .00000
     .00000     .00000     .00000     .00000 
     .00000     .00000     .00000     .00000     .00000     .00000     .00000
     .00000     .00000     .00000     .00000     .00000     .00000     .00000
     .00000     .00000     .00000     .00000 
     .00000     .00000     .00000     .00000     .00000     .00000     .00000
     .00000     .00000     .00000     .00000     .00000     .00000     .00000
     .00000     .00000     .00000     .00000 
     .00000     .00000     .00000     .00000     .00000     .00000     .00000
     .00000     .00000     .00000     .00000     .00000     .00000     .00000
     .00000     .00000     .00000     .00000 
     .00000     .00000     .00000     .00000     .00000     .00000     .00000
     .00000     .00000     .00000     .00000     .00000     .00000     .00000
     .00000     .00000     .00000     .00000 
     .00000     .00000     .00000     .00000     .00000     .00000     .00000
     .00000     .00000     .00000     .00000     .00000     .00000     .00000
     .00000     .00000     .00000     .00000 
     .00000     .00000     .00000     .00000     .00000     .00000     .00000
     .00000     .00000     .00000     .00000     .00000     .00000     .00000
     .00000     .00000     .00000     .00000 
     .00000     .00000     .00000     .00000     .00000     .00000     .00000
     .00000     .00000     .00000     .00000     .00000     .00000     .00000
     .00000     .00000     .00000     .00000 
     .00000     .00000     .00000     .00000     .00000     .00000     .00000
     .00000     .00000     .00000     .00000     .00000     .00000     .00000
     .00000     .00000     .00000     .00000 
     .00000     .00000     .00000     .00000     .00000     .00000     .00000
     .00000     .00000     .00000     .00000     .00000     .00000     .00000
     .00000     .00000     .00000     .00000 
     .00000     .00000     .00000     .00000     .00000     .00000     .00000
     .00000     .00000     .00000     .00000     .00000     .00000     .00000
     .00000     .00000     .00000     .00000 
     .00000     .00000     .00000     .00000     .00000     .00000     .00000
     .00000     .00000     .00000     .00000     .00000     .00000     .00000
     .00000     .00000     .00000     .00000 
     .00000     .00000     .00000     .00000     .00000     .00000     .00000
     .00000     .00000     .00000     .00000     .00000     .00000     .00000
     .00000     .00000     .00000     .00000 
     .00000     .00000     .00000     .00000     .00000     .00000     .00000
     .00000     .00000     .00000     .00000     .00000     .00000     .00000
     .00000     .00000     .00000     .00000 
     .00000     .00000     .00000     .00000     .00000     .00000     .00000
     .00000     .00000     .00000     .00000     .00000     .00000     .00000
     .00000     .00000     .00000     .00000 
     .00000     .00000     .00000     .00000     .00000     .00000     .00000
     .00000     .00000     .00000     .00000     .00000     .00000     .00000
     .00000     .00000     .00000     .00000 
     .00000     .00000     .00000     .00000     .00000     .00000     .00000
     .00000     .00000     .00000     .00000     .00000     .00000     .00000
     .00000     .00000     .00000     .00000 
     .00000     .00000     .00000     .00000     .00000     .00000     .00000
     .00000     .00000     .00000     .00000     .00000     .00000     .00000
     .00000     .00000     .00000     .00000 
     .00000     .00000     .00000     .00000     .00000     .00000     .00000
     .00000     .00000     .00000     .00000     .00000     .00000     .00000
     .00000     .00000     .00000     .00000 
     .00000     .00000     .00000     .00000     .00000     .00000     .00000
     .00000     .00000     .00000     .00000     .00000     .00000     .00000
     .00000     .00000     .00000     .00000 
     .00000     .00000     .00000     .00000     .00000     .00000     .00000
     .00000     .00000     .00000     .00000     .00000     .00000     .00000
     .00000     .00000     .00000     .00000 
     .00000     .00000     .00000     .00000     .00000     .00000     .00000
     .00000     .00000     .00000     .00000     .00000     .00000     .00000
     .00000     .00000     .00000     .00000 
