     .43497     .48158     .47598     .46531     .46962     .44071     .47589
     .46606     .51940     .45853     .48800     .48656     .50335     .52619
     .52293     .56337     .56731     .61113     .64450     .63669     .70577
     .78994     .74918     .89038    1.12243    1.46444    2.59706    2.20820
     .14731     .16450     .17343     .16455     .15994     .14153     .16598
     .19204     .17293     .15860     .17481     .18490     .15621     .16536
     .17361     .22130     .19501     .19464     .19985     .22772     .26639
     .24630     .25728     .30311     .35742     .50680     .79213     .76210
     .09546     .09463     .09309     .10043     .07802     .12200     .10077
     .08449     .09589     .10790     .09446     .10516     .10239     .13197
     .13110     .13826     .11765     .11868     .13753     .14769     .15927
     .15788     .16970     .17906     .22542     .33092     .51309     .45904
     .04750     .06692     .07212     .07948     .08927     .07182     .09013
     .07532     .08363     .07928     .09351     .07608     .07632     .07675
     .07359     .09205     .11261     .10776     .09531     .09832     .08934
     .12986     .15581     .16588     .18262     .23175     .37592     .29756
     .07103     .04879     .04604     .05949     .05174     .06273     .06389
     .06544     .05524     .04936     .06211     .06938     .06883     .08247
     .07289     .06684     .08912     .06955     .08405     .07559     .11796
     .08975     .14159     .14619     .13959     .24816     .30225     .23711
     .05302     .05033     .05755     .06650     .04437     .05333     .05762
     .05774     .06176     .05725     .05778     .05838     .04656     .06090
     .06075     .07777     .06779     .08277     .06374     .09135     .09316
     .10401     .12109     .11065     .16154     .21913     .23208     .18077
     .03675     .04080     .04054     .04776     .05366     .06186     .05508
     .04888     .05302     .04772     .03926     .04507     .06205     .06393
     .05924     .06107     .06926     .05554     .06913     .08410     .09542
     .09203     .09845     .12284     .16166     .18472     .14345     .10116
     .03797     .03593     .05197     .04540     .04727     .05116     .04523
     .05110     .03922     .05631     .07239     .04311     .04449     .06383
     .05753     .05969     .07709     .06133     .09169     .09690     .11870
     .10213     .10070     .14329     .18235     .14658     .13664     .09528
     .05223     .07040     .05329     .03540     .05949     .04677     .05766
     .04307     .06939     .05902     .05615     .06099     .06020     .07230
     .05336     .07618     .07977     .08647     .08870     .10452     .10742
     .11856     .18085     .20014     .17462     .14584     .11340     .08649
     .05242     .05712     .05652     .05201     .04937     .05181     .05365
     .03925     .05965     .06868     .07261     .06415     .06085     .07665
     .09569     .10523     .09042     .10403     .12454     .13429     .19124
     .16987     .17999     .19125     .15934     .14922     .09519     .07718
     .06331     .04748     .05559     .07220     .08465     .08708     .07382
     .08273     .06691     .08980     .09952     .10078     .09884     .12768
     .14401     .16720     .15686     .17992     .19117     .18610     .21962
     .20392     .20156     .20454     .17955     .14485     .11646     .07692
     .21425     .19706     .19589     .19404     .21912     .20990     .20329
     .20926     .22088     .23973     .23086     .27586     .27402     .26522
     .21633     .25073     .21074     .30262     .23928     .22377     .21662
     .21172     .19948     .16851     .16163     .16616     .09823     .06050
     .39798     .36929     .41588     .40075     .37409     .38000     .36471
     .32749     .39028     .30884     .33483     .31874     .28222     .33048
     .29172     .31306     .26985     .28366     .24326     .26265     .21520
     .19767     .18338     .18309     .14547     .11810     .08753     .05828
     .40934     .46695     .41315     .40610     .43293     .40611     .41197
     .40150     .36509     .43917     .34296     .39166     .34841     .32186
     .30431     .31155     .28784     .28165     .27438     .22517     .20820
     .19551     .20175     .18245     .14746     .12534     .08446     .05506
     .39966     .41406     .40078     .37318     .40941     .43183     .38631
     .38055     .40296     .38936     .36803     .37747     .37044     .30014
     .32623     .28855     .30643     .24224     .23532     .24199     .21741
     .20286     .19912     .17263     .13203     .13070     .08558     .04952
     .36409     .39981     .40659     .38176     .38147     .37374     .40730
     .38030     .40301     .36963     .36337     .35231     .32555     .31014
     .31279     .31619     .25635     .24570     .23235     .20056     .19317
     .19560     .16734     .14549     .12395     .08951     .07585     .05220
     .35831     .35555     .29805     .35892     .31689     .35159     .34749
     .32260     .32366     .32594     .32277     .31124     .30993     .27139
     .29885     .31844     .25643     .23372     .24766     .22001     .20581
     .17331     .16084     .16235     .10895     .10104     .07511     .04487
     .29396     .27710     .28052     .32983     .26663     .28918     .28391
     .27045     .29360     .26154     .27586     .27928     .26828     .26885
     .26380     .23721     .23327     .26120     .22581     .19106     .17787
     .16507     .14765     .12198     .12451     .10627     .05978     .04388
     .23782     .24150     .22516     .21611     .23646     .20818     .23973
     .23682     .24634     .20783     .21639     .21279     .23166     .22307
     .23008     .24931     .24132     .20697     .17501     .17701     .17324
     .16264     .13474     .11471     .10867     .10556     .06482     .03552
     .13264     .13516     .16493     .13732     .12743     .16695     .17095
     .16186     .17206     .15910     .17911     .19307     .20492     .16952
     .19299     .17764     .15521     .17141     .18211     .18439     .14692
     .13535     .11278     .10753     .10781     .10036     .06049     .03165
     .00000     .00000     .00000     .00409     .01023     .02252     .02707
     .03752     .04826     .05581     .07980     .07839     .09210     .12314
     .12527     .12165     .14258     .15241     .15996     .14091     .13379
     .11221     .10195     .14286     .09147     .08140     .05742     .04208
     .00000     .00000     .00000     .00000     .00000     .00000     .00000
     .00000     .00000     .00000     .00985     .01650     .02546     .02009
     .03829     .05920     .07219     .07510     .10305     .09918     .10945
     .10355     .07915     .10025     .09738     .07637     .04961     .03760
     .00000     .00000     .00000     .00000     .00000     .00000     .00000
     .00000     .00000     .00000     .00000     .00205     .00345     .01288
     .01710     .01576     .02808     .04229     .04373     .06066     .07788
     .09181     .09508     .08701     .07365     .07746     .05137     .02302
     .00000     .00000     .00000     .00000     .00000     .00000     .00000
     .00000     .00000     .00000     .00000     .00000     .00000     .00307
     .00500     .00864     .01345     .02560     .02547     .02880     .02786
     .04690     .07083     .06270     .06782     .07343     .04277     .02726
     .00000     .00000     .00000     .00000     .00000     .00000     .00000
     .00000     .00000     .00000     .00000     .00000     .00000     .00000
     .00000     .00345     .00576     .01266     .01575     .01741     .03626
     .02130     .03654     .04273     .03587     .05514     .04603     .03890
     .00000     .00000     .00000     .00000     .00000     .00000     .00000
     .00000     .00000     .00000     .00000     .00000     .00000     .00000
     .00000     .00000     .00243     .00334     .00581     .01099     .02185
     .02251     .02415     .04634     .05543     .04937     .04279     .02922
     .00000     .00000     .00000     .00000     .00000     .00000     .00000
     .00000     .00000     .00000     .00000     .00000     .00000     .00000
     .00000     .00000     .00148     .00000     .00595     .00788     .00959
     .02702     .02456     .02064     .02837     .05699     .04137     .02235
     .00000     .00000     .00000     .00000     .00000     .00000     .00000
     .00000     .00000     .00000     .00000     .00000     .00000     .00000
     .00000     .00000     .00000     .00148     .00205     .00390     .00755
     .00801     .01382     .01738     .02352     .04209     .03863     .02873
     .00000     .00000     .00000     .00000     .00000     .00000     .00000
     .00000     .00000     .00000     .00000     .00000     .00000     .00000
     .00000     .00000     .00000     .00000     .00000     .00288     .00371
     .00653     .01413     .00691     .01291     .02956     .04061     .03258
     .00000     .00000     .00000     .00000     .00000     .00000     .00000
     .00000     .00000     .00000     .00000     .00000     .00000     .00000
     .00000     .00000     .00000     .00000     .00000     .00038     .00102
     .00595     .00930     .00690     .02608     .01926     .02936     .02483
     .00000     .00000     .00000     .00000     .00000     .00000     .00000
     .00000     .00000     .00000     .00000     .00000     .00000     .00000
     .00000     .00000     .00000     .00000     .00000     .00148     .00000
     .00371     .00724     .01244     .01048     .01821     .02186     .03073
     .00000     .00000     .00000     .00000     .00000     .00000     .00000
     .00000     .00000     .00000     .00000     .00000     .00000     .00000
     .00000     .00000     .00000     .00000     .00000     .00000     .00000
     .00103     .00422     .00217     .01088     .02106     .03239     .02219
     .00000     .00000     .00000     .00000     .00000     .00000     .00000
     .00000     .00000     .00000     .00000     .00000     .00000     .00000
     .00000     .00000     .00000     .00000     .00000     .00000     .00000
     .00000     .00103     .00000     .00539     .01050     .02812     .01596
     .00000     .00000     .00000     .00000     .00000     .00000     .00000
     .00000     .00000     .00000     .00000     .00000     .00000     .00000
     .00000     .00000     .00000     .00000     .00000     .00000     .00000
     .00000     .00114     .00038     .00250     .01553     .01524     .02411
     .00000     .00000     .00000     .00000     .00000     .00000     .00000
     .00000     .00000     .00000     .00000     .00000     .00000     .00000
     .00000     .00000     .00000     .00000     .00000     .00000     .00000
     .00000     .00000     .00000     .00288     .00744     .01681     .01452
     .00000     .00000     .00000     .00000     .00000     .00000     .00000
     .00000     .00000     .00000     .00000     .00000     .00000     .00000
     .00000     .00000     .00000     .00000     .00000     .00000     .00000
     .00000     .00000     .00000     .00000     .00000     .00653     .01533
     .00000     .00000     .00000     .00000     .00000     .00000     .00000
     .00000     .00000     .00000     .00000     .00000     .00000     .00000
     .00000     .00000     .00000     .00000     .00000     .00000     .00000
     .00000     .00000     .00000     .00000     .00102     .00526     .01569
     .00000     .00000     .00000     .00000     .00000     .00000     .00000
     .00000     .00000     .00000     .00000     .00000     .00000     .00000
     .00000     .00000     .00000     .00000     .00000     .00000     .00000
     .00000     .00000     .00000     .00000     .00000     .00000     .00000
     .00000     .00000     .00000     .00000     .00000     .00000     .00000
     .00000     .00000     .00000     .00000     .00000     .00000     .00000
     .00000     .00000     .00000     .00000     .00000     .00000     .00000
     .00000     .00000     .00000     .00000     .00000     .00000     .00000
     .00000     .00000     .00000     .00000     .00000     .00000     .00000
     .00000     .00000     .00000     .00000     .00000     .00000     .00000
     .00000     .00000     .00000     .00000     .00000     .00000     .00000
     .00000     .00000     .00000     .00000     .00000     .00000     .00000
     .00000     .00000     .00000     .00000     .00000     .00000     .00000
     .00000     .00000     .00000     .00000     .00000     .00000     .00000
     .00000     .00000     .00000     .00000     .00000     .00000     .00000
     .00000     .00000     .00000     .00000     .00000     .00000     .00000
     .00000     .00000     .00000     .00000     .00000     .00000     .00000
     .00000     .00000     .00000     .00000     .00000     .00000     .00000
     .00000     .00000     .00000     .00000     .00000     .00000     .00000
     .00000     .00000     .00000     .00000     .00000     .00000     .00000
     .00000     .00000     .00000     .00000     .00000     .00000     .00000
     .00000     .00000     .00000     .00000     .00000     .00000     .00000
     .00000     .00000     .00000     .00000     .00000     .00000     .00000
     .00000     .00000     .00000     .00000     .00000     .00000     .00000
     .00000     .00000     .00000     .00000     .00000     .00000     .00000
     .00000     .00000     .00000     .00000     .00000     .00000     .00000
     .00000     .00000     .00000     .00000     .00000     .00000     .00000
     .00000     .00000     .00000     .00000     .00000     .00000     .00000
     .00000     .00000     .00000     .00000     .00000     .00000     .00000
     .00000     .00000     .00000     .00000     .00000     .00000     .00000
     .00000     .00000     .00000     .00000     .00000     .00000     .00000
     .00000     .00000     .00000     .00000     .00000     .00000     .00000
     .00000     .00000     .00000     .00000     .00000     .00000     .00000
     .00000     .00000     .00000     .00000     .00000     .00000     .00000
     .00000     .00000     .00000     .00000     .00000     .00000     .00000
     .00000     .00000     .00000     .00000     .00000     .00000     .00000
     .00000     .00000     .00000     .00000     .00000     .00000     .00000
     .00000     .00000     .00000     .00000     .00000     .00000     .00000
     .00000     .00000     .00000     .00000     .00000     .00000     .00000
     .00000     .00000     .00000     .00000     .00000     .00000     .00000
     .00000     .00000     .00000     .00000     .00000     .00000     .00000
     .00000     .00000     .00000     .00000     .00000     .00000     .00000
     .00000     .00000     .00000     .00000     .00000     .00000     .00000
     .00000     .00000     .00000     .00000     .00000     .00000     .00000
     .00000     .00000     .00000     .00000     .00000     .00000     .00000
     .00000     .00000     .00000     .00000     .00000     .00000     .00000
     .00000     .00000     .00000     .00000     .00000     .00000     .00000
     .00000     .00000     .00000     .00000     .00000     .00000     .00000
     .00000     .00000     .00000     .00000     .00000     .00000     .00000
     .00000     .00000     .00000     .00000     .00000     .00000     .00000
     .00000     .00000     .00000     .00000     .00000     .00000     .00000
     .00000     .00000     .00000     .00000     .00000     .00000     .00000
     .00000     .00000     .00000     .00000     .00000     .00000     .00000
     .00000     .00000     .00000     .00000     .00000     .00000     .00000
     .00000     .00000     .00000     .00000     .00000     .00000     .00000
     .00000     .00000     .00000     .00000     .00000     .00000     .00000
     .00000     .00000     .00000     .00000     .00000     .00000     .00000
     .00000     .00000     .00000     .00000     .00000     .00000     .00000
     .00000     .00000     .00000     .00000     .00000     .00000     .00000
     .00000     .00000     .00000     .00000     .00000     .00000     .00000
     .00000     .00000     .00000     .00000     .00000     .00000     .00000
     .00000     .00000     .00000     .00000     .00000     .00000     .00000
     .00000     .00000     .00000     .00000     .00000     .00000     .00000
     .00000     .00000     .00000     .00000     .00000     .00000     .00000
     .00000     .00000     .00000     .00000     .00000     .00000     .00000
     .00000     .00000     .00000     .00000     .00000     .00000     .00000
     .00000     .00000     .00000     .00000     .00000     .00000     .00000
     .00000     .00000     .00000     .00000     .00000     .00000     .00000
     .00000     .00000     .00000     .00000     .00000     .00000     .00000
     .00000     .00000     .00000     .00000     .00000     .00000     .00000
     .00000     .00000     .00000     .00000     .00000     .00000     .00000
     .00000     .00000     .00000     .00000     .00000     .00000     .00000
     .00000     .00000     .00000     .00000     .00000     .00000     .00000
     .00000     .00000     .00000     .00000     .00000     .00000     .00000
     .00000     .00000     .00000     .00000     .00000     .00000     .00000
     .00000     .00000     .00000     .00000     .00000     .00000     .00000
     .00000     .00000     .00000     .00000     .00000     .00000     .00000
     .00000     .00000     .00000     .00000     .00000     .00000     .00000
     .00000     .00000     .00000     .00000     .00000     .00000     .00000
     .00000     .00000     .00000     .00000     .00000     .00000     .00000
     .00000     .00000     .00000     .00000     .00000     .00000     .00000
     .00000     .00000     .00000     .00000     .00000     .00000     .00000
     .00000     .00000     .00000     .00000     .00000     .00000     .00000
     .00000     .00000     .00000     .00000     .00000     .00000     .00000
     .00000     .00000     .00000     .00000     .00000     .00000     .00000
     .00000     .00000     .00000     .00000     .00000     .00000     .00000
     .00000     .00000     .00000     .00000     .00000     .00000     .00000
     .00000     .00000     .00000     .00000     .00000     .00000     .00000
     .00000     .00000     .00000     .00000     .00000     .00000     .00000
     .00000     .00000     .00000     .00000     .00000     .00000     .00000
     .00000     .00000     .00000     .00000     .00000     .00000     .00000
     .00000     .00000     .00000     .00000     .00000     .00000     .00000
     .00000     .00000     .00000     .00000     .00000     .00000     .00000
     .00000     .00000     .00000     .00000     .00000     .00000     .00000
     .00000     .00000     .00000     .00000     .00000     .00000     .00000
     .00000     .00000     .00000     .00000     .00000     .00000     .00000
     .00000     .00000     .00000     .00000     .00000     .00000     .00000
     .00000     .00000     .00000     .00000     .00000     .00000     .00000
     .00000     .00000     .00000     .00000     .00000     .00000     .00000
     .00000     .00000     .00000     .00000     .00000     .00000     .00000
     .00000     .00000     .00000     .00000     .00000     .00000     .00000
     .00000     .00000     .00000     .00000     .00000     .00000     .00000
     .00000     .00000     .00000     .00000     .00000     .00000     .00000
     .00000     .00000     .00000     .00000     .00000     .00000     .00000
     .00000     .00000     .00000     .00000     .00000     .00000     .00000
     .00000     .00000     .00000     .00000     .00000     .00000     .00000
     .00000     .00000     .00000     .00000     .00000     .00000     .00000
     .00000     .00000     .00000     .00000     .00000     .00000     .00000
     .00000     .00000     .00000     .00000     .00000     .00000     .00000
     .00000     .00000     .00000     .00000     .00000     .00000     .00000
     .00000     .00000     .00000     .00000     .00000     .00000     .00000
     .00000     .00000     .00000     .00000     .00000     .00000     .00000
     .00000     .00000     .00000     .00000     .00000     .00000     .00000
     .00000     .00000     .00000     .00000     .00000     .00000     .00000
     .00000     .00000     .00000     .00000     .00000     .00000     .00000
     .00000     .00000     .00000     .00000     .00000     .00000     .00000
     .00000     .00000     .00000     .00000     .00000     .00000     .00000
     .00000     .00000     .00000     .00000     .00000     .00000     .00000
     .00000     .00000     .00000     .00000     .00000     .00000     .00000
     .00000     .00000     .00000     .00000     .00000     .00000     .00000
     .00000     .00000     .00000     .00000     .00000     .00000     .00000
     .00000     .00000     .00000     .00000     .00000     .00000     .00000
     .00000     .00000     .00000     .00000     .00000     .00000     .00000
     .00000     .00000     .00000     .00000     .00000     .00000     .00000
     .00000     .00000     .00000     .00000     .00000     .00000     .00000
     .00000     .00000     .00000     .00000     .00000     .00000     .00000
     .00000     .00000     .00000     .00000     .00000     .00000     .00000
     .00000     .00000     .00000     .00000     .00000     .00000     .00000
     .00000     .00000     .00000     .00000     .00000     .00000     .00000
     .00000     .00000     .00000     .00000     .00000     .00000     .00000
     .00000     .00000     .00000     .00000     .00000     .00000     .00000
     .00000     .00000     .00000     .00000     .00000     .00000     .00000
     .00000     .00000     .00000     .00000     .00000     .00000     .00000
     .00000     .00000     .00000     .00000     .00000     .00000     .00000
     .00000     .00000     .00000     .00000     .00000     .00000     .00000
     .00000     .00000     .00000     .00000     .00000     .00000     .00000
     .00000     .00000     .00000     .00000     .00000     .00000     .00000
     .00000     .00000     .00000     .00000     .00000     .00000     .00000
     .00000     .00000     .00000     .00000     .00000     .00000     .00000
     .00000     .00000     .00000     .00000     .00000     .00000     .00000
     .00000     .00000     .00000     .00000     .00000     .00000     .00000
     .00000     .00000     .00000     .00000     .00000     .00000     .00000
     .00000     .00000     .00000     .00000     .00000     .00000     .00000
     .00000     .00000     .00000     .00000     .00000     .00000     .00000
     .00000     .00000     .00000     .00000     .00000     .00000     .00000
     .00000     .00000     .00000     .00000     .00000     .00000     .00000
     .00000     .00000     .00000     .00000     .00000     .00000     .00000
     .00000     .00000     .00000     .00000     .00000     .00000     .00000
     .00000     .00000     .00000     .00000     .00000     .00000     .00000
     .00000     .00000     .00000     .00000     .00000     .00000     .00000
     .00000     .00000     .00000     .00000     .00000     .00000     .00000
     .00000     .00000     .00000     .00000     .00000     .00000     .00000
     .00000     .00000     .00000     .00000     .00000     .00000     .00000
     .00000     .00000     .00000     .00000     .00000     .00000     .00000
     .00000     .00000     .00000     .00000     .00000     .00000     .00000
     .00000     .00000     .00000     .00000     .00000     .00000     .00000
     .00000     .00000     .00000     .00000     .00000     .00000     .00000
     .00000     .00000     .00000     .00000     .00000     .00000     .00000
     .00000     .00000     .00000     .00000     .00000     .00000     .00000
     .00000     .00000     .00000     .00000     .00000     .00000     .00000
     .00000     .00000     .00000     .00000     .00000     .00000     .00000
     .00000     .00000     .00000     .00000     .00000     .00000     .00000
     .00000     .00000     .00000     .00000     .00000     .00000     .00000
     .00000     .00000     .00000     .00000     .00000     .00000     .00000
     .00000     .00000     .00000     .00000     .00000     .00000     .00000
     .00000     .00000     .00000     .00000     .00000     .00000     .00000
     .00000     .00000     .00000     .00000     .00000     .00000     .00000
     .00000     .00000     .00000     .00000     .00000     .00000     .00000
     .00000     .00000     .00000     .00000     .00000     .00000     .00000
     .00000     .00000     .00000     .00000     .00000     .00000     .00000
     .00000     .00000     .00000     .00000     .00000     .00000     .00000
     .00000     .00000     .00000     .00000     .00000     .00000     .00000
     .00000     .00000     .00000     .00000     .00000     .00000     .00000
     .00000     .00000     .00000     .00000     .00000     .00000     .00000
     .00000     .00000     .00000     .00000     .00000     .00000     .00000
     .00000     .00000     .00000     .00000     .00000     .00000     .00000
     .00000     .00000     .00000     .00000     .00000     .00000     .00000
     .00000     .00000     .00000     .00000     .00000     .00000     .00000
     .00000     .00000     .00000     .00000     .00000     .00000     .00000
     .00000     .00000     .00000     .00000     .00000     .00000     .00000
     .00000     .00000     .00000     .00000     .00000     .00000     .00000
     .00000     .00000     .00000     .00000     .00000     .00000     .00000
     .00000     .00000     .00000     .00000     .00000     .00000     .00000
     .00000     .00000     .00000     .00000     .00000     .00000     .00000
     .00000     .00000     .00000     .00000     .00000     .00000     .00000
     .00000     .00000     .00000     .00000     .00000     .00000     .00000
     .00000     .00000     .00000     .00000     .00000     .00000     .00000
     .00000     .00000     .00000     .00000     .00000     .00000     .00000
     .00000     .00000     .00000     .00000     .00000     .00000     .00000
     .00000     .00000     .00000     .00000     .00000     .00000     .00000
     .00000     .00000     .00000     .00000     .00000     .00000     .00000
     .00000     .00000     .00000     .00000     .00000     .00000     .00000
     .00000     .00000     .00000     .00000     .00000     .00000     .00000
     .00000     .00000     .00000     .00000     .00000     .00000     .00000
     .00000     .00000     .00000     .00000     .00000     .00000     .00000
     .00000     .00000     .00000     .00000     .00000     .00000     .00000
     .00000     .00000     .00000     .00000     .00000     .00000     .00000
     .00000     .00000     .00000     .00000     .00000     .00000     .00000
     .00000     .00000     .00000     .00000     .00000     .00000     .00000
     .00000     .00000     .00000     .00000     .00000     .00000     .00000
     .00000     .00000     .00000     .00000     .00000     .00000     .00000
     .00000     .00000     .00000     .00000     .00000     .00000     .00000
     .00000     .00000     .00000     .00000     .00000     .00000     .00000
     .00000     .00000     .00000     .00000     .00000     .00000     .00000
     .00000     .00000     .00000     .00000     .00000     .00000     .00000
     .00000     .00000     .00000     .00000     .00000     .00000     .00000
     .00000     .00000     .00000     .00000     .00000     .00000     .00000
     .00000     .00000     .00000     .00000     .00000     .00000     .00000
     .00000     .00000     .00000     .00000     .00000     .00000     .00000
     .00000     .00000     .00000     .00000     .00000     .00000     .00000
     .00000     .00000     .00000     .00000     .00000     .00000     .00000
     .00000     .00000     .00000     .00000     .00000     .00000     .00000
