     .22065     .24388     .25120     .23999     .26482     .27020     .28572
     .25883     .25160     .27798     .33388     .34958     .34331     .37399
     .39311     .45484     .63185    1.01324 
     .08649     .06997     .07793     .10248     .06540     .07115     .08410
     .07839     .10069     .06856     .06164     .09057     .10454     .08623
     .08387     .11411     .13493     .24084 
     .04277     .03611     .05379     .06932     .03586     .04102     .05280
     .06877     .02384     .04153     .04047     .03942     .03280     .05118
     .03721     .07144     .07565     .15654 
     .03266     .04013     .04793     .03506     .02318     .03351     .01977
     .03552     .04444     .02644     .02169     .04679     .03998     .02640
     .03807     .03426     .05231     .11428 
     .02690     .01958     .03211     .02785     .02850     .02540     .01814
     .01792     .01793     .01277     .02234     .01584     .02213     .03194
     .02646     .03131     .05144     .11008 
     .02083     .01808     .01132     .02400     .02245     .02073     .01733
     .01383     .01748     .00892     .01708     .03909     .01578     .02378
     .01392     .06381     .03377     .09557 
     .01131     .01437     .02670     .01693     .02665     .02329     .00430
     .01628     .02556     .00626     .01708     .02139     .02705     .02246
     .02975     .03563     .05056     .10430 
     .01077     .02034     .01032     .02218     .01467     .01970     .01919
     .01338     .02080     .01432     .02600     .01116     .01047     .02225
     .02234     .02455     .05916     .09874 
     .02110     .02344     .02014     .01748     .01804     .01974     .01628
     .01382     .00952     .01569     .01628     .01693     .01187     .02699
     .03316     .04018     .06386     .09084 
     .01087     .00826     .02951     .02680     .01588     .02013     .01473
     .00756     .02153     .01823     .01442     .01478     .02637     .03046
     .02708     .04408     .04182     .07294 
     .02830     .03000     .02587     .02095     .01533     .02184     .01654
     .02356     .01743     .03242     .01442     .01950     .01673     .03187
     .05162     .05360     .06788     .08507 
     .02020     .01883     .01382     .01554     .01884     .01398     .02442
     .02967     .02481     .01323     .02238     .04008     .02837     .04085
     .04714     .09022     .09831     .07354 
     .02150     .01203     .02099     .03373     .01943     .02811     .02069
     .01644     .02796     .02585     .03699     .02827     .03301     .04163
     .05734     .07747     .08946     .07634 
     .02366     .01688     .01578     .02304     .03005     .03238     .02489
     .04850     .01703     .03437     .02963     .04078     .06013     .04421
     .08888     .10337     .09913     .07250 
     .03404     .03116     .02376     .01594     .03458     .02924     .03152
     .03708     .04529     .05602     .04940     .06602     .08351     .11067
     .12034     .11917     .09467     .06720 
     .04415     .03361     .04047     .02641     .04999     .04793     .06853
     .08023     .09794     .09497     .10774     .12212     .13055     .12679
     .11537     .10880     .08633     .06107 
     .20533     .20123     .18974     .16214     .16739     .18353     .19481
     .15244     .16558     .16303     .17808     .17155     .14968     .10814
     .13164     .09064     .08174     .06586 
     .27693     .26371     .24101     .22259     .24667     .22837     .21236
     .20306     .19170     .21551     .15520     .16126     .13200     .16561
     .11544     .10410     .08969     .06626 
     .30337     .27837     .28578     .26383     .27807     .25912     .25801
     .22743     .21006     .21255     .19064     .18066     .15225     .14387
     .13200     .11459     .08514     .06995 
     .26441     .28683     .26522     .27065     .25805     .22518     .26141
     .19810     .20402     .21434     .15492     .17387     .15427     .15678
     .14201     .10723     .08642     .06408 
     .25430     .23202     .24525     .25252     .25388     .22862     .22579
     .21583     .19713     .18741     .19449     .17728     .15068     .14882
     .12280     .11485     .07173     .05926 
     .21408     .22882     .19991     .22881     .20986     .22626     .20102
     .20210     .19133     .16537     .17517     .15300     .17375     .14127
     .11082     .10993     .08947     .05445 
     .20603     .18005     .18802     .18831     .20968     .19453     .15478
     .17074     .20840     .18255     .14956     .15972     .11195     .12637
     .10186     .09829     .08560     .04838 
     .14905     .13302     .12769     .12143     .14162     .14629     .16299
     .15748     .12894     .15759     .15327     .14554     .12411     .09865
     .08329     .07679     .06167     .03435 
     .07791     .07146     .07157     .06353     .11296     .08911     .11706
     .10533     .10572     .11589     .12051     .09757     .08767     .11373
     .07981     .10696     .08927     .04189 
     .00000     .00000     .00000     .00000     .00155     .01129     .04316
     .03593     .03184     .05985     .07515     .08480     .07782     .08674
     .08479     .06484     .05407     .03367 
     .00000     .00000     .00000     .00000     .00000     .00000     .00772
     .01064     .01860     .01984     .03117     .02911     .02914     .08665
     .06392     .07556     .04248     .03388 
     .00000     .00000     .00000     .00000     .00000     .00000     .00000
     .00291     .01123     .00311     .01459     .02582     .01480     .04042
     .03678     .05433     .05917     .04723 
     .00000     .00000     .00000     .00000     .00000     .00000     .00000
     .00000     .00541     .00908     .00929     .01537     .01387     .02250
     .02873     .04316     .06218     .04158 
     .00000     .00000     .00000     .00000     .00000     .00000     .00000
     .00000     .00000     .00491     .00386     .00758     .01228     .01560
     .02745     .02929     .03992     .04161 
     .00000     .00000     .00000     .00000     .00000     .00000     .00000
     .00000     .00000     .00000     .00000     .00526     .01302     .01743
     .02006     .02171     .02945     .03453 
     .00000     .00000     .00000     .00000     .00000     .00000     .00000
     .00000     .00000     .00000     .00000     .00446     .01044     .00989
     .02110     .01108     .02034     .01902 
     .00000     .00000     .00000     .00000     .00000     .00000     .00000
     .00000     .00000     .00000     .00000     .00231     .00000     .00676
     .01893     .01467     .01588     .03353 
     .00000     .00000     .00000     .00000     .00000     .00000     .00000
     .00000     .00000     .00000     .00000     .00000     .00231     .00352
     .00698     .01495     .01446     .01952 
     .00000     .00000     .00000     .00000     .00000     .00000     .00000
     .00000     .00000     .00000     .00000     .00000     .00231     .00386
     .00291     .01064     .01278     .03667 
     .00000     .00000     .00000     .00000     .00000     .00000     .00000
     .00000     .00000     .00000     .00000     .00000     .00000     .00000
     .00231     .00799     .00972     .02103 
     .00000     .00000     .00000     .00000     .00000     .00000     .00000
     .00000     .00000     .00000     .00000     .00000     .00000     .00000
     .00387     .00371     .00847     .02361 
     .00000     .00000     .00000     .00000     .00000     .00000     .00000
     .00000     .00000     .00000     .00000     .00000     .00000     .00000
     .00000     .00000     .00462     .02133 
     .00000     .00000     .00000     .00000     .00000     .00000     .00000
     .00000     .00000     .00000     .00000     .00000     .00000     .00000
     .00000     .00060     .00275     .01436 
     .00000     .00000     .00000     .00000     .00000     .00000     .00000
     .00000     .00000     .00000     .00000     .00000     .00000     .00000
     .00000     .00000     .00776     .00760 
     .00000     .00000     .00000     .00000     .00000     .00000     .00000
     .00000     .00000     .00000     .00000     .00000     .00000     .00000
     .00000     .00000     .00000     .00449 
     .00000     .00000     .00000     .00000     .00000     .00000     .00000
     .00000     .00000     .00000     .00000     .00000     .00000     .00000
     .00000     .00000     .00000     .00060 
     .00000     .00000     .00000     .00000     .00000     .00000     .00000
     .00000     .00000     .00000     .00000     .00000     .00000     .00000
     .00000     .00000     .00000     .00000 
     .00000     .00000     .00000     .00000     .00000     .00000     .00000
     .00000     .00000     .00000     .00000     .00000     .00000     .00000
     .00000     .00000     .00000     .00000 
     .00000     .00000     .00000     .00000     .00000     .00000     .00000
     .00000     .00000     .00000     .00000     .00000     .00000     .00000
     .00000     .00000     .00000     .00000 
     .00000     .00000     .00000     .00000     .00000     .00000     .00000
     .00000     .00000     .00000     .00000     .00000     .00000     .00000
     .00000     .00000     .00000     .00000 
     .00000     .00000     .00000     .00000     .00000     .00000     .00000
     .00000     .00000     .00000     .00000     .00000     .00000     .00000
     .00000     .00000     .00000     .00000 
     .00000     .00000     .00000     .00000     .00000     .00000     .00000
     .00000     .00000     .00000     .00000     .00000     .00000     .00000
     .00000     .00000     .00000     .00000 
     .00000     .00000     .00000     .00000     .00000     .00000     .00000
     .00000     .00000     .00000     .00000     .00000     .00000     .00000
     .00000     .00000     .00000     .00000 
     .00000     .00000     .00000     .00000     .00000     .00000     .00000
     .00000     .00000     .00000     .00000     .00000     .00000     .00000
     .00000     .00000     .00000     .00000 
     .00000     .00000     .00000     .00000     .00000     .00000     .00000
     .00000     .00000     .00000     .00000     .00000     .00000     .00000
     .00000     .00000     .00000     .00000 
     .00000     .00000     .00000     .00000     .00000     .00000     .00000
     .00000     .00000     .00000     .00000     .00000     .00000     .00000
     .00000     .00000     .00000     .00000 
     .00000     .00000     .00000     .00000     .00000     .00000     .00000
     .00000     .00000     .00000     .00000     .00000     .00000     .00000
     .00000     .00000     .00000     .00000 
     .00000     .00000     .00000     .00000     .00000     .00000     .00000
     .00000     .00000     .00000     .00000     .00000     .00000     .00000
     .00000     .00000     .00000     .00000 
     .00000     .00000     .00000     .00000     .00000     .00000     .00000
     .00000     .00000     .00000     .00000     .00000     .00000     .00000
     .00000     .00000     .00000     .00000 
     .00000     .00000     .00000     .00000     .00000     .00000     .00000
     .00000     .00000     .00000     .00000     .00000     .00000     .00000
     .00000     .00000     .00000     .00000 
     .00000     .00000     .00000     .00000     .00000     .00000     .00000
     .00000     .00000     .00000     .00000     .00000     .00000     .00000
     .00000     .00000     .00000     .00000 
     .00000     .00000     .00000     .00000     .00000     .00000     .00000
     .00000     .00000     .00000     .00000     .00000     .00000     .00000
     .00000     .00000     .00000     .00000 
     .00000     .00000     .00000     .00000     .00000     .00000     .00000
     .00000     .00000     .00000     .00000     .00000     .00000     .00000
     .00000     .00000     .00000     .00000 
     .00000     .00000     .00000     .00000     .00000     .00000     .00000
     .00000     .00000     .00000     .00000     .00000     .00000     .00000
     .00000     .00000     .00000     .00000 
     .00000     .00000     .00000     .00000     .00000     .00000     .00000
     .00000     .00000     .00000     .00000     .00000     .00000     .00000
     .00000     .00000     .00000     .00000 
     .00000     .00000     .00000     .00000     .00000     .00000     .00000
     .00000     .00000     .00000     .00000     .00000     .00000     .00000
     .00000     .00000     .00000     .00000 
     .00000     .00000     .00000     .00000     .00000     .00000     .00000
     .00000     .00000     .00000     .00000     .00000     .00000     .00000
     .00000     .00000     .00000     .00000 
     .00000     .00000     .00000     .00000     .00000     .00000     .00000
     .00000     .00000     .00000     .00000     .00000     .00000     .00000
     .00000     .00000     .00000     .00000 
     .00000     .00000     .00000     .00000     .00000     .00000     .00000
     .00000     .00000     .00000     .00000     .00000     .00000     .00000
     .00000     .00000     .00000     .00000 
     .00000     .00000     .00000     .00000     .00000     .00000     .00000
     .00000     .00000     .00000     .00000     .00000     .00000     .00000
     .00000     .00000     .00000     .00000 
     .00000     .00000     .00000     .00000     .00000     .00000     .00000
     .00000     .00000     .00000     .00000     .00000     .00000     .00000
     .00000     .00000     .00000     .00000 
     .00000     .00000     .00000     .00000     .00000     .00000     .00000
     .00000     .00000     .00000     .00000     .00000     .00000     .00000
     .00000     .00000     .00000     .00000 
     .00000     .00000     .00000     .00000     .00000     .00000     .00000
     .00000     .00000     .00000     .00000     .00000     .00000     .00000
     .00000     .00000     .00000     .00000 
     .00000     .00000     .00000     .00000     .00000     .00000     .00000
     .00000     .00000     .00000     .00000     .00000     .00000     .00000
     .00000     .00000     .00000     .00000 
     .00000     .00000     .00000     .00000     .00000     .00000     .00000
     .00000     .00000     .00000     .00000     .00000     .00000     .00000
     .00000     .00000     .00000     .00000 
     .00000     .00000     .00000     .00000     .00000     .00000     .00000
     .00000     .00000     .00000     .00000     .00000     .00000     .00000
     .00000     .00000     .00000     .00000 
     .00000     .00000     .00000     .00000     .00000     .00000     .00000
     .00000     .00000     .00000     .00000     .00000     .00000     .00000
     .00000     .00000     .00000     .00000 
     .00000     .00000     .00000     .00000     .00000     .00000     .00000
     .00000     .00000     .00000     .00000     .00000     .00000     .00000
     .00000     .00000     .00000     .00000 
     .00000     .00000     .00000     .00000     .00000     .00000     .00000
     .00000     .00000     .00000     .00000     .00000     .00000     .00000
     .00000     .00000     .00000     .00000 
     .00000     .00000     .00000     .00000     .00000     .00000     .00000
     .00000     .00000     .00000     .00000     .00000     .00000     .00000
     .00000     .00000     .00000     .00000 
     .00000     .00000     .00000     .00000     .00000     .00000     .00000
     .00000     .00000     .00000     .00000     .00000     .00000     .00000
     .00000     .00000     .00000     .00000 
     .00000     .00000     .00000     .00000     .00000     .00000     .00000
     .00000     .00000     .00000     .00000     .00000     .00000     .00000
     .00000     .00000     .00000     .00000 
     .00000     .00000     .00000     .00000     .00000     .00000     .00000
     .00000     .00000     .00000     .00000     .00000     .00000     .00000
     .00000     .00000     .00000     .00000 
     .00000     .00000     .00000     .00000     .00000     .00000     .00000
     .00000     .00000     .00000     .00000     .00000     .00000     .00000
     .00000     .00000     .00000     .00000 
     .00000     .00000     .00000     .00000     .00000     .00000     .00000
     .00000     .00000     .00000     .00000     .00000     .00000     .00000
     .00000     .00000     .00000     .00000 
     .00000     .00000     .00000     .00000     .00000     .00000     .00000
     .00000     .00000     .00000     .00000     .00000     .00000     .00000
     .00000     .00000     .00000     .00000 
     .00000     .00000     .00000     .00000     .00000     .00000     .00000
     .00000     .00000     .00000     .00000     .00000     .00000     .00000
     .00000     .00000     .00000     .00000 
     .00000     .00000     .00000     .00000     .00000     .00000     .00000
     .00000     .00000     .00000     .00000     .00000     .00000     .00000
     .00000     .00000     .00000     .00000 
     .00000     .00000     .00000     .00000     .00000     .00000     .00000
     .00000     .00000     .00000     .00000     .00000     .00000     .00000
     .00000     .00000     .00000     .00000 
     .00000     .00000     .00000     .00000     .00000     .00000     .00000
     .00000     .00000     .00000     .00000     .00000     .00000     .00000
     .00000     .00000     .00000     .00000 
     .00000     .00000     .00000     .00000     .00000     .00000     .00000
     .00000     .00000     .00000     .00000     .00000     .00000     .00000
     .00000     .00000     .00000     .00000 
     .00000     .00000     .00000     .00000     .00000     .00000     .00000
     .00000     .00000     .00000     .00000     .00000     .00000     .00000
     .00000     .00000     .00000     .00000 
     .00000     .00000     .00000     .00000     .00000     .00000     .00000
     .00000     .00000     .00000     .00000     .00000     .00000     .00000
     .00000     .00000     .00000     .00000 
     .00000     .00000     .00000     .00000     .00000     .00000     .00000
     .00000     .00000     .00000     .00000     .00000     .00000     .00000
     .00000     .00000     .00000     .00000 
