     .00000     .00000     .00000     .00000     .00000     .00000     .00000
     .00000     .00000     .00000     .00000     .00000     .00000     .00000
     .00000     .00000     .00000     .00000 
     .00000     .00000     .00000     .00000     .00000     .00000     .00000
     .00000     .00000     .00000     .00000     .00000     .00000     .00000
     .00000     .00000     .00000     .00000 
     .00000     .00000     .00000     .00000     .00000     .00000     .00000
     .00000     .00000     .00000     .00000     .00152     .00076     .01554
     .01464     .03433     .05264     .09355 
     .00000     .00000     .00000     .00000     .00000     .00000     .00000
     .00000     .00228     .01174     .01098     .02626     .03979     .01486
     .03899     .02915     .04170     .09081 
     .00000     .00000     .00000     .00290     .00732     .00076     .00442
     .00518     .01196     .01140     .02067     .01313     .01969     .02876
     .02309     .02606     .04131     .08587 
     .00000     .00076     .00000     .00580     .01451     .01312     .01002
     .00518     .00830     .00387     .00830     .02591     .01348     .02005
     .01176     .05553     .02896     .06077 
     .00076     .00000     .00290     .00152     .01230     .01196     .00346
     .00754     .01604     .00788     .01583     .01390     .02494     .01798
     .01638     .03069     .02586     .06334 
     .00152     .00076     .00152     .01002     .00650     .00850     .00926
     .00906     .02068     .01064     .01681     .00767     .01044     .02449
     .01369     .01908     .04281     .08302 
     .00076     .00442     .00194     .01002     .00442     .01355     .01216
     .00982     .00580     .00464     .01216     .00581     .01024     .02777
     .01230     .03184     .04730     .07487 
     .00290     .00228     .01604     .01044     .00540     .01969     .00656
     .00387     .01701     .01506     .01195     .01238     .01605     .03015
     .02282     .02340     .02335     .06753 
     .01368     .00850     .00830     .01314     .00926     .00870     .01251
     .01604     .01721     .01832     .00981     .00712     .01154     .01722
     .02856     .03778     .02040     .08459 
     .01142     .00960     .01120     .01314     .01272     .01217     .01369
     .02531     .01162     .00346     .01811     .02241     .01529     .02705
     .02744     .04367     .04168     .07264 
     .01852     .01528     .00830     .01777     .00670     .00670     .00870
     .00870     .01160     .02497     .01120     .00560     .01120     .01873
     .02261     .03033     .05189     .08106 
     .01369     .01506     .00732     .01451     .01335     .00926     .01252
     .02746     .01058     .02282     .01196     .01134     .01446     .01639
     .03049     .04032     .08014     .07827 
     .01701     .01368     .00809     .00443     .00712     .01024     .01487
     .00754     .01348     .01509     .00733     .02359     .02061     .03184
     .04653     .03722     .07002     .06348 
     .01355     .01196     .00732     .01314     .01736     .01723     .01210
     .02453     .02164     .02184     .01639     .02108     .03416     .03842
     .03707     .06103     .07240     .07009 
     .02201     .02082     .01509     .01563     .00560     .02068     .01314
     .01890     .03033     .02937     .03670     .04557     .04093     .03961
     .07700     .06606     .07831     .06148 
     .01155     .01929     .02648     .01985     .02899     .02276     .03327
     .04360     .03075     .05007     .04572     .05797     .06622     .11545
     .09037     .10207     .08717     .06694 
     .04016     .05178     .02256     .02683     .03730     .04134     .05583
     .04984     .08952     .08884     .09233     .11519     .11583     .14620
     .12255     .10135     .07356     .07066 
     .14541     .16943     .15408     .15676     .15437     .12444     .17355
     .11750     .14240     .16162     .13118     .15221     .14114     .15653
     .15438     .12022     .08578     .06899 
     .25120     .23708     .24044     .20749     .22358     .20638     .21631
     .20364     .17936     .19016     .18907     .18033     .16279     .16349
     .11926     .11042     .07645     .06309 
     .25846     .27314     .24179     .26306     .22603     .26542     .20601
     .18250     .18362     .16654     .17388     .16760     .19194     .16335
     .12238     .13222     .09182     .06546 
     .28323     .24526     .26563     .26789     .27261     .25140     .20028
     .20385     .24551     .21463     .17269     .20426     .10665     .14202
     .11611     .11684     .09090     .05268 
     .25869     .26837     .23781     .21562     .23594     .24708     .23353
     .21323     .17937     .22145     .18488     .17223     .15379     .10993
     .09855     .09341     .07111     .03935 
     .26459     .22817     .25596     .18989     .27071     .20815     .24066
     .21480     .21280     .18798     .20264     .13571     .13088     .14119
     .08471     .12251     .10183     .04581 
     .17394     .21063     .18549     .20766     .18636     .18166     .21004
     .18921     .14695     .17055     .15285     .12855     .11326     .13607
     .11492     .08246     .06879     .04112 
     .15501     .13710     .13323     .18932     .19127     .15432     .16352
     .15407     .15176     .15514     .13795     .10926     .09286     .14275
     .09969     .10478     .06174     .04175 
     .08301     .08874     .06654     .09697     .08316     .11585     .11943
     .11650     .13166     .11058     .10136     .11668     .11646     .10327
     .09709     .06896     .07624     .05658 
     .00000     .00000     .00000     .00000     .01357     .01955     .02921
     .04474     .06492     .10934     .09235     .08656     .07529     .07775
     .07588     .08887     .07292     .04820 
     .00000     .00000     .00000     .00000     .00000     .00677     .01198
     .01756     .01801     .03399     .02815     .03428     .05498     .08475
     .08028     .07087     .05807     .06086 
     .00000     .00000     .00000     .00000     .00000     .00000     .00076
     .00733     .01217     .00636     .01508     .02780     .02565     .03888
     .05039     .05584     .04562     .04340 
     .00000     .00000     .00000     .00000     .00000     .00000     .00000
     .00000     .00346     .01067     .00540     .02261     .01952     .02418
     .03569     .04379     .04522     .02298 
     .00000     .00000     .00000     .00000     .00000     .00000     .00000
     .00000     .00000     .00347     .00927     .00852     .01584     .01507
     .02728     .02674     .05802     .04017 
     .00000     .00000     .00000     .00000     .00000     .00000     .00000
     .00000     .00000     .00076     .00366     .00152     .01684     .02828
     .01664     .02160     .03637     .02575 
     .00000     .00000     .00000     .00000     .00000     .00000     .00000
     .00000     .00000     .00194     .00270     .00291     .01456     .01314
     .00671     .01682     .03380     .04676 
     .00000     .00000     .00000     .00000     .00000     .00000     .00000
     .00000     .00000     .00000     .00076     .00000     .00484     .00950
     .00657     .00929     .02564     .04152 
     .00000     .00000     .00000     .00000     .00000     .00000     .00000
     .00000     .00000     .00000     .00000     .00000     .00000     .00271
     .00776     .01198     .00968     .03602 
     .00000     .00000     .00000     .00000     .00000     .00000     .00000
     .00000     .00000     .00000     .00000     .00000     .00000     .00152
     .00194     .00658     .01025     .03483 
     .00000     .00000     .00000     .00000     .00000     .00000     .00000
     .00000     .00000     .00000     .00000     .00000     .00000     .00194
     .00561     .00271     .00616     .01511 
     .00000     .00000     .00000     .00000     .00000     .00000     .00000
     .00000     .00000     .00000     .00000     .00000     .00000     .00000
     .00291     .00076     .01689     .01805 
     .00000     .00000     .00000     .00000     .00000     .00000     .00000
     .00000     .00000     .00000     .00000     .00000     .00000     .00000
     .00000     .00270     .00271     .01302 
     .00000     .00000     .00000     .00000     .00000     .00000     .00000
     .00000     .00000     .00000     .00000     .00000     .00000     .00000
     .00076     .00484     .01895     .01373 
     .00000     .00000     .00000     .00000     .00000     .00000     .00000
     .00000     .00000     .00000     .00000     .00000     .00000     .00000
     .00000     .00000     .00971     .00468 
     .00000     .00000     .00000     .00000     .00000     .00000     .00000
     .00000     .00000     .00000     .00000     .00000     .00000     .00000
     .00000     .00000     .00000     .01788 
     .00000     .00000     .00000     .00000     .00000     .00000     .00000
     .00000     .00000     .00000     .00000     .00000     .00000     .00000
     .00000     .00000     .00000     .00292 
     .00000     .00000     .00000     .00000     .00000     .00000     .00000
     .00000     .00000     .00000     .00000     .00000     .00000     .00000
     .00000     .00000     .00000     .00000 
     .00000     .00000     .00000     .00000     .00000     .00000     .00000
     .00000     .00000     .00000     .00000     .00000     .00000     .00000
     .00000     .00000     .00000     .00000 
     .00000     .00000     .00000     .00000     .00000     .00000     .00000
     .00000     .00000     .00000     .00000     .00000     .00000     .00000
     .00000     .00000     .00000     .00000 
     .00000     .00000     .00000     .00000     .00000     .00000     .00000
     .00000     .00000     .00000     .00000     .00000     .00000     .00000
     .00000     .00000     .00000     .00000 
     .00000     .00000     .00000     .00000     .00000     .00000     .00000
     .00000     .00000     .00000     .00000     .00000     .00000     .00000
     .00000     .00000     .00000     .00000 
     .00000     .00000     .00000     .00000     .00000     .00000     .00000
     .00000     .00000     .00000     .00000     .00000     .00000     .00000
     .00000     .00000     .00000     .00000 
     .00000     .00000     .00000     .00000     .00000     .00000     .00000
     .00000     .00000     .00000     .00000     .00000     .00000     .00000
     .00000     .00000     .00000     .00000 
     .00000     .00000     .00000     .00000     .00000     .00000     .00000
     .00000     .00000     .00000     .00000     .00000     .00000     .00000
     .00000     .00000     .00000     .00000 
     .00000     .00000     .00000     .00000     .00000     .00000     .00000
     .00000     .00000     .00000     .00000     .00000     .00000     .00000
     .00000     .00000     .00000     .00000 
     .00000     .00000     .00000     .00000     .00000     .00000     .00000
     .00000     .00000     .00000     .00000     .00000     .00000     .00000
     .00000     .00000     .00000     .00000 
     .00000     .00000     .00000     .00000     .00000     .00000     .00000
     .00000     .00000     .00000     .00000     .00000     .00000     .00000
     .00000     .00000     .00000     .00000 
     .00000     .00000     .00000     .00000     .00000     .00000     .00000
     .00000     .00000     .00000     .00000     .00000     .00000     .00000
     .00000     .00000     .00000     .00000 
     .00000     .00000     .00000     .00000     .00000     .00000     .00000
     .00000     .00000     .00000     .00000     .00000     .00000     .00000
     .00000     .00000     .00000     .00000 
     .00000     .00000     .00000     .00000     .00000     .00000     .00000
     .00000     .00000     .00000     .00000     .00000     .00000     .00000
     .00000     .00000     .00000     .00000 
     .00000     .00000     .00000     .00000     .00000     .00000     .00000
     .00000     .00000     .00000     .00000     .00000     .00000     .00000
     .00000     .00000     .00000     .00000 
     .00000     .00000     .00000     .00000     .00000     .00000     .00000
     .00000     .00000     .00000     .00000     .00000     .00000     .00000
     .00000     .00000     .00000     .00000 
     .00000     .00000     .00000     .00000     .00000     .00000     .00000
     .00000     .00000     .00000     .00000     .00000     .00000     .00000
     .00000     .00000     .00000     .00000 
     .00000     .00000     .00000     .00000     .00000     .00000     .00000
     .00000     .00000     .00000     .00000     .00000     .00000     .00000
     .00000     .00000     .00000     .00000 
     .00000     .00000     .00000     .00000     .00000     .00000     .00000
     .00000     .00000     .00000     .00000     .00000     .00000     .00000
     .00000     .00000     .00000     .00000 
     .00000     .00000     .00000     .00000     .00000     .00000     .00000
     .00000     .00000     .00000     .00000     .00000     .00000     .00000
     .00000     .00000     .00000     .00000 
     .00000     .00000     .00000     .00000     .00000     .00000     .00000
     .00000     .00000     .00000     .00000     .00000     .00000     .00000
     .00000     .00000     .00000     .00000 
     .00000     .00000     .00000     .00000     .00000     .00000     .00000
     .00000     .00000     .00000     .00000     .00000     .00000     .00000
     .00000     .00000     .00000     .00000 
     .00000     .00000     .00000     .00000     .00000     .00000     .00000
     .00000     .00000     .00000     .00000     .00000     .00000     .00000
     .00000     .00000     .00000     .00000 
     .00000     .00000     .00000     .00000     .00000     .00000     .00000
     .00000     .00000     .00000     .00000     .00000     .00000     .00000
     .00000     .00000     .00000     .00000 
     .00000     .00000     .00000     .00000     .00000     .00000     .00000
     .00000     .00000     .00000     .00000     .00000     .00000     .00000
     .00000     .00000     .00000     .00000 
     .00000     .00000     .00000     .00000     .00000     .00000     .00000
     .00000     .00000     .00000     .00000     .00000     .00000     .00000
     .00000     .00000     .00000     .00000 
     .00000     .00000     .00000     .00000     .00000     .00000     .00000
     .00000     .00000     .00000     .00000     .00000     .00000     .00000
     .00000     .00000     .00000     .00000 
     .00000     .00000     .00000     .00000     .00000     .00000     .00000
     .00000     .00000     .00000     .00000     .00000     .00000     .00000
     .00000     .00000     .00000     .00000 
     .00000     .00000     .00000     .00000     .00000     .00000     .00000
     .00000     .00000     .00000     .00000     .00000     .00000     .00000
     .00000     .00000     .00000     .00000 
     .00000     .00000     .00000     .00000     .00000     .00000     .00000
     .00000     .00000     .00000     .00000     .00000     .00000     .00000
     .00000     .00000     .00000     .00000 
     .00000     .00000     .00000     .00000     .00000     .00000     .00000
     .00000     .00000     .00000     .00000     .00000     .00000     .00000
     .00000     .00000     .00000     .00000 
     .00000     .00000     .00000     .00000     .00000     .00000     .00000
     .00000     .00000     .00000     .00000     .00000     .00000     .00000
     .00000     .00000     .00000     .00000 
     .00000     .00000     .00000     .00000     .00000     .00000     .00000
     .00000     .00000     .00000     .00000     .00000     .00000     .00000
     .00000     .00000     .00000     .00000 
     .00000     .00000     .00000     .00000     .00000     .00000     .00000
     .00000     .00000     .00000     .00000     .00000     .00000     .00000
     .00000     .00000     .00000     .00000 
     .00000     .00000     .00000     .00000     .00000     .00000     .00000
     .00000     .00000     .00000     .00000     .00000     .00000     .00000
     .00000     .00000     .00000     .00000 
     .00000     .00000     .00000     .00000     .00000     .00000     .00000
     .00000     .00000     .00000     .00000     .00000     .00000     .00000
     .00000     .00000     .00000     .00000 
     .00000     .00000     .00000     .00000     .00000     .00000     .00000
     .00000     .00000     .00000     .00000     .00000     .00000     .00000
     .00000     .00000     .00000     .00000 
     .00000     .00000     .00000     .00000     .00000     .00000     .00000
     .00000     .00000     .00000     .00000     .00000     .00000     .00000
     .00000     .00000     .00000     .00000 
     .00000     .00000     .00000     .00000     .00000     .00000     .00000
     .00000     .00000     .00000     .00000     .00000     .00000     .00000
     .00000     .00000     .00000     .00000 
     .00000     .00000     .00000     .00000     .00000     .00000     .00000
     .00000     .00000     .00000     .00000     .00000     .00000     .00000
     .00000     .00000     .00000     .00000 
     .00000     .00000     .00000     .00000     .00000     .00000     .00000
     .00000     .00000     .00000     .00000     .00000     .00000     .00000
     .00000     .00000     .00000     .00000 
     .00000     .00000     .00000     .00000     .00000     .00000     .00000
     .00000     .00000     .00000     .00000     .00000     .00000     .00000
     .00000     .00000     .00000     .00000 
     .00000     .00000     .00000     .00000     .00000     .00000     .00000
     .00000     .00000     .00000     .00000     .00000     .00000     .00000
     .00000     .00000     .00000     .00000 
     .00000     .00000     .00000     .00000     .00000     .00000     .00000
     .00000     .00000     .00000     .00000     .00000     .00000     .00000
     .00000     .00000     .00000     .00000 
     .00000     .00000     .00000     .00000     .00000     .00000     .00000
     .00000     .00000     .00000     .00000     .00000     .00000     .00000
     .00000     .00000     .00000     .00000 
