0 253.687 0.698132 0.05 244.509 -0.532821 0.00311932 1e-10
1 253.6 0.698132 0.1 244.35 -0.28169 0.00272172 1e-10
2 253.513 0.698132 0.05 244.183 -0.154568 -0.000105595 1e-10
3 253.6 0.698132 -2.87318e-08 244.333 0.0436194 -0.00814192 1e-10
4 253.513 0.698132 -0.05 244.164 0.168634 -0.00803348 1e-10
5 253.6 0.698132 -0.1 244.312 0.270647 -0.00994528 1e-10
6 253.687 0.698132 -0.0500001 244.5 0.50886 -0.00969626 1e-10
7 254.337 0.698132 0.7 169.516 -0.529938 -0.0141538 1e-10
8 254.25 0.698132 0.75 169.365 -0.278842 -0.0119968 1e-10
9 254.163 0.698132 0.7 169.212 -0.155516 -0.0126917 1e-10
10 254.25 0.698132 0.65 169.384 0.0430963 -0.00958289 1e-10
11 254.163 0.698132 0.6 169.227 0.158648 -0.00916116 1e-10
12 254.25 0.698132 0.55 169.382 0.277836 -0.00459066 1e-10
13 254.337 0.698132 0.6 169.529 0.533978 0.00117644 1e-10
14 254.337 0.698132 -0.6 85.529 -0.534248 0.0105938 1e-10
15 254.25 0.698132 -0.55 85.357 -0.28554 0.0151608 1e-10
16 254.163 0.698132 -0.6 85.24 -0.165852 0.0161209 1e-10
17 254.25 0.698132 -0.65 85.388 0.0430963 0.0184268 1e-10
18 254.163 0.698132 -0.7 85.239 0.162237 0.0225892 1e-10
19 254.25 0.698132 -0.75 85.39 0.278814 0.0267685 1e-10
20 254.337 0.698132 -0.7 85.541 0.536926 0.0276205 1e-10
21 254.987 0.698132 0.05 13.485 -0.531959 0.00650142 1e-10
22 254.9 0.698132 0.1 13.304 -0.278758 0.00937309 1e-10
23 254.813 0.698132 0.05 13.111 -0.155574 0.00973859 1e-10
24 254.9 0.698132 -3.84491e-08 13.311 0.0427475 0.0122047 1e-10
25 254.813 0.698132 -0.05 13.111 0.157729 0.0161292 1e-10
26 254.9 0.698132 -0.1 13.312 0.287128 0.0131567 1e-10
27 254.987 0.698132 -0.05 13.48 0.532329 0.010578 1e-10
28 253.687 1.74533 0.05 241.544 -0.524277 0.00218131 1e-10
29 253.6 1.74533 0.1 241.364 -0.268938 -0.00139701 1e-10
30 253.513 1.74533 0.05 241.181 -0.156694 -0.00390305 1e-10
31 253.6 1.74533 -2.65863e-09 241.382 0.0437938 -0.00313196 1e-10
32 253.513 1.74533 -0.05 241.176 0.159337 -0.000392994 1e-10
33 253.6 1.74533 -0.1 241.356 0.299115 -0.00124038 1e-10
34 253.687 1.74533 -0.05 241.529 0.536165 -0.00130464 1e-10
35 254.337 1.74533 0.7 163.476 -0.517125 -0.0223486 1e-10
36 254.25 1.74533 0.75 163.314 -0.266752 -0.0231683 1e-10
37 254.163 1.74533 0.7 163.164 -0.157039 -0.0221436 1e-10
38 254.25 1.74533 0.65 163.336 0.0443168 -0.021324 1e-10
39 254.163 1.74533 0.6 163.159 0.167172 -0.0196285 1e-10
40 254.25 1.74533 0.55 163.336 0.284313 -0.0147475 1e-10
41 254.337 1.74533 0.6 163.47 0.53292 -0.0116426 1e-10
42 254.337 1.74533 -0.6 79.504 -0.546559 0.0202217 1e-10
43 254.25 1.74533 -0.55 79.355 -0.281997 0.0192574 1e-10
44 254.163 1.74533 -0.6 79.239 -0.166082 0.0191088 1e-10
45 254.25 1.74533 -0.65 79.38 0.0451886 0.0212301 1e-10
46 254.163 1.74533 -0.7 79.236 0.155976 0.0211498 1e-10
47 254.25 1.74533 -0.75 79.351 0.278311 0.0227891 1e-10
48 254.337 1.74533 -0.7 79.53 0.535993 0.0226364 1e-10
49 254.987 1.74533 0.05 10.464 -0.53501 0.00611478 1e-10
50 254.9 1.74533 0.1 10.292 -0.28236 0.00458863 1e-10
51 254.813 1.74533 0.05 10.145 -0.161577 0.00670516 1e-10
52 254.9 1.74533 1.00926e-08 10.274 0.0446656 0.00599429 1e-10
53 254.813 1.74533 -0.05 10.125 0.166655 0.00556857 1e-10
54 254.9 1.74533 -0.1 10.291 0.278227 0.0077012 1e-10
55 254.987 1.74533 -0.05 10.444 0.533215 0.00422717 1e-10
56 253.687 2.79253 0.05 244.44 -0.525961 0.000151774 1e-10
57 253.6 2.79253 0.1 244.278 -0.27546 -0.00244261 1e-10
58 253.513 2.79253 0.05 244.1 -0.143983 -0.00575994 1e-10
59 253.6 2.79253 -1.66353e-05 244.304 0.0441425 -0.00496875 1e-10
60 253.513 2.79253 -0.05 244.12 0.171013 -0.00719775 1e-10
61 253.6 2.79253 -0.1 244.265 0.283588 -0.0103747 1e-10
62 253.687 2.79253 -0.05 244.452 0.522393 -0.0114552 1e-10
63 254.337 2.79253 0.7 169.497 -0.52222 -0.0143156 1e-10
64 254.25 2.79253 0.75 169.364 -0.256645 -0.0183287 1e-10
65 254.163 2.79253 0.7 169.175 -0.160486 -0.0207835 1e-10
66 254.25 2.79253 0.65 169.35 0.0443168 -0.0208196 1e-10
67 254.163 2.79253 0.6 169.187 0.148214 -0.0182242 1e-10
68 254.25 2.79253 0.55 169.358 0.267397 -0.0214504 1e-10
69 254.337 2.79253 0.6 169.497 0.531319 -0.0186421 1e-10
70 254.337 2.79253 -0.6 85.398 -0.530086 -0.0205213 1e-10
71 254.25 2.79253 -0.55 85.255 -0.276495 -0.021803 1e-10
72 254.163 2.79253 -0.6 85.126 -0.162151 -0.0184924 1e-10
73 254.25 2.79253 -0.65 85.31 0.0437938 -0.0158933 1e-10
74 254.163 2.79253 -0.7 85.122 0.157183 -0.0116033 1e-10
75 254.25 2.79253 -0.75 85.264 0.267453 -0.00820538 1e-10
76 254.337 2.79253 -0.7 85.414 0.534568 -0.0104947 1e-10
77 254.987 2.79253 0.05 13.593 -0.53695 0.0116094 1e-10
78 254.9 2.79253 0.1 13.435 -0.289997 0.00896657 1e-10
79 254.813 2.79253 0.05 13.255 -0.153936 0.00635999 1e-10
80 254.9 2.79253 -9.6199e-09 13.435 0.0439681 0.00476155 1e-10
81 254.813 2.79253 -0.05 13.26 0.164963 0.00394225 1e-10
82 254.9 2.79253 -0.1 13.417 0.273782 0.00322738 1e-10
83 254.987 2.79253 -0.05 13.583 0.548531 -0.00264412 1e-10
84 253.687 -2.44346 0.05 241.588 -0.520259 -0.00307804 1e-10
85 253.6 -2.44346 0.1 241.438 -0.262994 -0.00285313 1e-10
86 253.513 -2.44346 0.05 241.284 -0.134766 -0.0059295 1e-10
87 253.6 -2.44346 -2.87318e-08 241.445 0.0432707 -0.00674078 1e-10
88 253.513 -2.44346 -0.05 241.278 0.16284 -0.00877705 1e-10
89 253.6 -2.44346 -0.1 241.399 0.293892 -0.0081264 1e-10
90 253.687 -2.44346 -0.0500001 241.579 0.523385 -0.00921885 1e-10
91 254.337 -2.44346 0.7 163.452 -0.530653 2.8131e-06 1e-10
92 254.25 -2.44346 0.75 163.323 -0.288159 -0.00747122 1e-10
93 254.163 -2.44346 0.7 163.171 -0.158217 -0.0139579 1e-10
94 254.25 -2.44346 0.65 163.302 0.0432707 -0.0199516 1e-10
95 254.163 -2.44346 0.6 163.141 0.163987 -0.0236803 1e-10
96 254.25 -2.44346 0.55 163.25 0.284145 -0.0256574 1e-10
97 254.337 -2.44346 0.6 163.426 0.546242 -0.0317548 1e-10
98 254.337 -2.44346 -0.6 79.458 -0.536386 -0.0156746 1e-10
99 254.25 -2.44346 -0.55 79.288 -0.278758 -0.0157871 1e-10
100 254.163 -2.44346 -0.6 79.097 -0.165479 -0.0136903 1e-10
101 254.25 -2.44346 -0.65 79.263 0.0436194 -0.0166146 1e-10
102 254.163 -2.44346 -0.7 79.088 0.159021 -0.0162933 1e-10
103 254.25 -2.44346 -0.75 79.293 0.269106 -0.0118305 1e-10
104 254.337 -2.44346 -0.7 79.437 0.523187 -0.00982226 1e-10
105 254.987 -2.44346 0.05 10.439 -0.536558 0.0027788 1e-10
106 254.9 -2.44346 0.1 10.248 -0.283281 -0.00037382 1e-10
107 254.813 -2.44346 0.05 10.098 -0.168261 0.000228589 1e-10
108 254.9 -2.44346 -3.84491e-08 10.254 0.0423988 0.00026875 1e-10
109 254.813 -2.44346 -0.05 10.086 0.15063 0.00188321 1e-10
110 254.9 -2.44346 -0.1 10.248 0.278144 -0.00110876 1e-10
111 254.987 -2.44346 -0.05 10.445 0.519414 -0.00099631 1e-10
112 253.687 -1.39626 0.05 244.475 -0.521947 0.0012186 1e-10
113 253.6 -1.39626 0.1 244.28 -0.273026 -0.00150831 1e-10
114 253.513 -1.39626 0.05 244.128 -0.148674 -0.00168501 1e-10
115 253.6 -1.39626 -2.65854e-09 244.292 0.0436194 -0.00024726 1e-10
116 253.513 -1.39626 -0.05 244.147 0.172933 -0.000183003 1e-10
117 253.6 -1.39626 -0.1 244.276 0.292835 0.00124672 1e-10
118 253.687 -1.39626 -0.05 244.485 0.545072 0.00123868 1e-10
119 254.337 -1.39626 0.7 169.568 -0.543779 0.00787005 1e-10
120 254.25 -1.39626 0.75 169.436 -0.291361 0.0105169 1e-10
121 254.163 -1.39626 0.7 169.291 -0.161089 0.0104205 1e-10
122 254.25 -1.39626 0.65 169.435 0.0432707 0.0145737 1e-10
123 254.163 -1.39626 0.6 169.29 0.1637 0.0140234 1e-10
124 254.25 -1.39626 0.55 169.44 0.276467 0.0205394 1e-10
125 254.337 -1.39626 0.6 169.577 0.519787 0.0227051 1e-10
126 254.337 -1.39626 -0.6 85.436 -0.542753 0.0157659 1e-10
127 254.25 -1.39626 -0.55 85.293 -0.280294 0.00859614 1e-10
128 254.163 -1.39626 -0.6 85.146 -0.167344 0.000804765 1e-10
129 254.25 -1.39626 -0.65 85.286 0.0427475 -0.00507881 1e-10
130 254.163 -1.39626 -0.7 85.125 0.161318 -0.0094164 1e-10
131 254.25 -1.39626 -0.75 85.282 0.275684 -0.00899869 1e-10
132 254.337 -1.39626 -0.7 85.443 0.525911 -0.0187677 1e-10
133 254.987 -1.39626 0.05 13.524 -0.535944 -0.00345653 1e-10
134 254.9 -1.39626 0.1 13.366 -0.271823 -0.000641251 1e-10
135 254.813 -1.39626 0.05 13.18 -0.13952 0.00130654 1e-10
136 254.9 -1.39626 1.00927e-08 13.367 0.0432707 0.00428247 1e-10
137 254.813 -1.39626 -0.05 13.198 0.152786 0.00815009 1e-10
138 254.9 -1.39626 -0.1 13.352 0.297921 0.0113351 1e-10
139 254.987 -1.39626 -0.05 13.525 0.522641 0.0120822 1e-10
140 253.687 -0.349066 0.05 241.551 -0.526159 0.00546911 1e-10
141 253.6 -0.349066 0.1 241.398 -0.266864 0.00314376 1e-10
142 253.513 -0.349066 0.05 241.238 -0.151406 -0.000940587 1e-10
143 253.6 -0.349066 -1.31604e-08 241.395 0.0427475 -0.00350285 1e-10
144 253.513 -0.349066 -0.05 241.246 0.157872 -0.00466753 1e-10
145 253.6 -0.349066 -0.1 241.408 0.280434 -0.00362735 1e-10
146 253.687 -0.349066 -0.05 241.556 0.527518 -0.00665554 1e-10
147 254.337 -0.349066 0.7 163.56 -0.525985 -0.0179284 1e-10
148 254.25 -0.349066 0.75 163.375 -0.276606 -0.0177959 1e-10
149 254.163 -0.349066 0.7 163.204 -0.157528 -0.018531 1e-10
150 254.25 -0.349066 0.65 163.37 0.0422244 -0.014779 1e-10
151 254.163 -0.349066 0.6 163.19 0.169265 -0.0175347 1e-10
152 254.25 -0.349066 0.55 163.363 0.281746 -0.0141684 1e-10
153 254.337 -0.349066 0.6 163.581 0.536435 -0.0101919 1e-10
154 254.337 -0.349066 -0.6 79.489 -0.538863 0.0226622 1e-10
155 254.25 -0.349066 -0.55 79.328 -0.280741 0.0192189 1e-10
156 254.163 -0.349066 -0.6 79.17 -0.168519 0.0202153 1e-10
157 254.25 -0.349066 -0.65 79.355 0.043445 0.0225497 1e-10
158 254.163 -0.349066 -0.7 79.164 0.160859 0.0202354 1e-10
159 254.25 -0.349066 -0.75 79.345 0.275656 0.0249044 1e-10
160 254.337 -0.349066 -0.7 79.503 0.535747 0.0208421 1e-10
161 254.987 -0.349066 0.05 10.522 -0.53159 0.00421982 1e-10
162 254.9 -0.349066 0.1 10.336 -0.286989 0.00477806 1e-10
163 254.813 -0.349066 0.05 10.212 -0.16634 0.00410737 1e-10
164 254.9 -0.349066 -9.61995e-09 10.352 0.0427475 0.00261739 1e-10
165 254.813 -0.349066 -0.05 10.223 0.159165 0.00239249 1e-10
166 254.9 -0.349066 -0.1 10.364 0.274845 0.00308326 1e-10
167 254.987 -0.349066 -0.05 10.528 0.53085 0.00189449 1e-10
168 253.687 0.349066 -0.05 -241.52 0.53587 0.00487925 1e-10
169 253.6 0.349066 -0.1 -241.4 0.279429 0.00526079 1e-10
170 253.513 0.349066 -0.05 -241.22 0.169896 0.00513227 1e-10
171 253.6 0.349066 1.31604e-08 -241.38 -0.0437938 0.00312019 1e-10
172 253.513 0.349066 0.05 -241.23 -0.133728 0.00334509 1e-10
173 253.6 0.349066 0.1 -241.38 -0.257208 0.000216561 1e-10
174 253.687 0.349066 0.05 -241.5 -0.50663 -0.00226939 1e-10
175 254.337 0.349066 -0.7 -163.51 0.525862 0.0238883 1e-10
176 254.25 0.349066 -0.75 -163.34 0.280238 0.0271233 1e-10
177 254.163 0.349066 -0.7 -163.15 0.158246 0.0256283 1e-10
178 254.25 0.349066 -0.65 -163.35 -0.0430963 0.0237637 1e-10
179 254.163 0.349066 -0.6 -163.14 -0.154051 0.0231609 1e-10
180 254.25 0.349066 -0.55 -163.33 -0.27574 0.0227069 1e-10
181 254.337 0.349066 -0.6 -163.51 -0.525466 0.0168612 1e-10
182 254.337 0.349066 0.6 -79.594 0.539426 0.00185376 1e-10
183 254.25 0.349066 0.55 -79.432 0.268658 0.00662896 1e-10
184 254.163 0.349066 0.6 -79.256 0.176055 0.0110871 1e-10
185 254.25 0.349066 0.65 -79.409 -0.0437938 0.010316 1e-10
186 254.163 0.349066 0.7 -79.243 -0.159911 0.0133084 1e-10
187 254.25 0.349066 0.75 -79.416 -0.279624 0.0114205 1e-10
188 254.337 0.349066 0.7 -79.578 -0.525082 0.0116575 1e-10
189 254.987 0.349066 -0.05 -10.565 0.546096 0.00352512 1e-10
190 254.9 0.349066 -0.1 -10.431 0.30053 -0.00202108 1e-10
191 254.813 0.349066 -0.05 -10.311 0.172274 -0.00554322 1e-10
192 254.9 0.349066 9.61992e-09 -10.442 -0.0423988 -0.00822608 1e-10
193 254.813 0.349066 0.05 -10.318 -0.167 -0.0110737 1e-10
194 254.9 0.349066 0.1 -10.449 -0.274509 -0.0127085 1e-10
195 254.987 0.349066 0.05 -10.583 -0.533141 -0.0179989 1e-10
196 253.687 1.39626 -0.05 -244.56 0.525837 0.00875733 1e-10
197 253.6 1.39626 -0.1 -244.37 0.274761 0.00825127 1e-10
198 253.513 1.39626 -0.05 -244.21 0.162237 0.00723515 1e-10
199 253.6 1.39626 2.65866e-09 -244.37 -0.0441425 0.00750022 1e-10
200 253.513 1.39626 0.05 -244.23 -0.160974 0.00792595 1e-10
201 253.6 1.39626 0.1 -244.4 -0.27395 0.00541178 1e-10
202 253.687 1.39626 0.05 -244.56 -0.524253 0.00433143 1e-10
203 254.337 1.39626 -0.7 -169.5 0.532107 0.0142269 1e-10
204 254.25 1.39626 -0.75 -169.34 0.276551 0.0164804 1e-10
205 254.163 1.39626 -0.7 -169.18 0.156896 0.0167817 1e-10
206 254.25 1.39626 -0.65 -169.32 -0.0425732 0.0126442 1e-10
207 254.163 1.39626 -0.6 -169.17 -0.160428 0.0140341 1e-10
208 254.25 1.39626 -0.55 -169.32 -0.272579 0.0131704 1e-10
209 254.337 1.39626 -0.6 -169.49 -0.529222 0.00929445 1e-10
210 254.337 1.39626 0.6 -85.488 0.531417 0.00690823 1e-10
211 254.25 1.39626 0.55 -85.393 0.265547 0.00947868 1e-10
212 254.163 1.39626 0.6 -85.207 0.158389 0.0113504 1e-10
213 254.25 1.39626 0.65 -85.371 -0.0430963 0.0109728 1e-10
214 254.163 1.39626 0.7 -85.211 -0.150888 0.0116958 1e-10
215 254.25 1.39626 0.75 -85.373 -0.284954 0.0110612 1e-10
216 254.337 1.39626 0.7 -85.523 -0.51715 0.00771148 1e-10
217 254.987 1.39626 -0.05 -13.504 0.530259 -0.0241468 1e-10
218 254.9 1.39626 -0.1 -13.348 0.271795 -0.0200002 1e-10
219 254.813 1.39626 -0.05 -13.149 0.167659 -0.0289011 1e-10
220 254.9 1.39626 -1.00926e-08 -13.323 -0.043445 -0.02528 1e-10
221 254.813 1.39626 0.05 -13.152 -0.153533 -0.0200846 1e-10
222 254.9 1.39626 0.1 -13.315 -0.273698 -0.0144323 1e-10
223 254.987 1.39626 0.05 -13.494 -0.535256 -0.00923874 1e-10
224 253.687 2.44346 -0.05 -241.5 0.539622 -0.00469746 1e-10
225 253.6 2.44346 -0.1 -241.3 0.282025 0.000182088 1e-10
226 253.513 2.44346 -0.05 -241.13 0.16568 0.000214216 1e-10
227 253.6 2.44346 2.87318e-08 -241.29 -0.0441425 0.00399737 1e-10
228 253.513 2.44346 0.05 -241.14 -0.158533 -0.000327952 1e-10
229 253.6 2.44346 0.1 -241.29 -0.290414 0.00191301 1e-10
230 253.687 2.44346 0.0500001 -241.49 -0.531294 0.00437489 1e-10
231 254.337 2.44346 -0.7 -163.45 0.528704 -0.0172024 1e-10
232 254.25 2.44346 -0.75 -163.28 0.280378 -0.00706428 1e-10
233 254.163 2.44346 -0.7 -163.1 0.171873 -0.000867373 1e-10
234 254.25 2.44346 -0.65 -163.27 -0.0439681 0.00280332 1e-10
235 254.163 2.44346 -0.6 -163.12 -0.162237 0.00428526 1e-10
236 254.25 2.44346 -0.55 -163.28 -0.28356 0.00620098 1e-10
237 254.337 2.44346 -0.6 -163.45 -0.51391 0.0143505 1e-10
238 254.337 2.44346 0.6 -79.488 0.529765 0.000969084 1e-10
239 254.25 2.44346 0.55 -79.316 0.27697 0.00364782 1e-10
240 254.163 2.44346 0.6 -79.132 0.164647 0.00432252 1e-10
241 254.25 2.44346 0.65 -79.332 -0.0443168 0.00822228 1e-10
242 254.163 2.44346 0.7 -79.145 -0.160141 0.0107325 1e-10
243 254.25 2.44346 0.75 -79.337 -0.270899 0.00944326 1e-10
244 254.337 2.44346 0.7 -79.488 -0.535379 0.011319 1e-10
245 254.987 2.44346 -0.05 -10.544 0.522096 -0.00677215 1e-10
246 254.9 2.44346 -0.1 -10.364 0.268154 -0.00688862 1e-10
247 254.813 2.44346 -0.05 -10.171 0.155172 -0.00472389 1e-10
248 254.9 2.44346 3.84491e-08 -10.369 -0.0443168 -0.00777622 1e-10
249 254.813 2.44346 0.05 -10.18 -0.163012 -0.00597693 1e-10
250 254.9 2.44346 0.1 -10.35 -0.299198 -0.00644683 1e-10
251 254.987 2.44346 0.05 -10.544 -0.542485 -0.00538655 1e-10
252 253.687 -2.79253 -0.05 -244.48 0.521724 0.011476 1e-10
253 253.6 -2.79253 -0.1 -244.31 0.283811 0.00895767 1e-10
254 253.513 -2.79253 -0.05 -244.15 0.167372 0.014818 1e-10
255 253.6 -2.79253 1.31604e-08 -244.3 -0.043445 0.00502173 1e-10
256 253.513 -2.79253 0.05 -244.16 -0.145192 0.00998588 1e-10
257 253.6 -2.79253 0.1 -244.32 -0.277333 0.00566432 1e-10
258 253.687 -2.79253 0.05 -244.48 -0.537833 0.00597357 1e-10
259 254.337 -2.79253 -0.7 -169.49 0.536631 0.0108761 1e-10
260 254.25 -2.79253 -0.75 -169.32 0.264902 0.00909282 1e-10
261 254.163 -2.79253 -0.7 -169.21 0.155143 0.00896831 1e-10
262 254.25 -2.79253 -0.65 -169.35 -0.0444912 0.00589987 1e-10
263 254.163 -2.79253 -0.6 -169.21 -0.16634 0.00173916 1e-10
264 254.25 -2.79253 -0.55 -169.34 -0.271067 0.00124117 1e-10
265 254.337 -2.79253 -0.6 -169.47 -0.516851 -0.00275884 1e-10
266 254.337 -2.79253 0.6 -85.544 0.525614 0.00535154 1e-10
267 254.25 -2.79253 0.55 -85.346 0.261759 0.00164065 1e-10
268 254.163 -2.79253 0.6 -85.18 0.163126 0.00324708 1e-10
269 254.25 -2.79253 0.65 -85.364 -0.0439681 0.00154828 1e-10
270 254.163 -2.79253 0.7 -85.173 -0.165106 0.00266073 1e-10
271 254.25 -2.79253 0.75 -85.343 -0.272663 3.82341e-05 1e-10
272 254.337 -2.79253 0.7 -85.536 -0.535575 -0.00444372 1e-10
273 254.987 -2.79253 -0.05 -13.545 0.529346 -0.0109172 1e-10
274 254.9 -2.79253 -0.1 -13.398 0.282081 -0.00446702 1e-10
275 254.813 -2.79253 -0.05 -13.24 0.165451 -0.00104129 1e-10
276 254.9 -2.79253 9.61994e-09 -13.404 -0.0437938 0.00236032 1e-10
277 254.813 -2.79253 0.05 -13.258 -0.165365 0.00448485 1e-10
278 254.9 -2.79253 0.1 -13.416 -0.280881 0.00213944 1e-10
279 254.987 -2.79253 0.05 -13.549 -0.526183 0.00488245 1e-10
280 253.687 -1.74533 -0.05 -241.51 0.544365 0.00325087 1e-10
281 253.6 -1.74533 -0.1 -241.36 0.268994 0.00278902 1e-10
282 253.513 -1.74533 -0.05 -241.16 0.17783 0.00688551 1e-10
283 253.6 -1.74533 2.65864e-09 -241.34 -0.043445 0.00406213 1e-10
284 253.513 -1.74533 0.05 -241.17 -0.144617 0.00656822 1e-10
285 253.6 -1.74533 0.1 -241.32 -0.278591 0.00399787 1e-10
286 253.687 -1.74533 0.05 -241.51 -0.513835 0.00243159 1e-10
287 254.337 -1.74533 -0.7 -163.52 0.530111 -0.00549726 1e-10
288 254.25 -1.74533 -0.75 -163.37 0.263499 -0.00167391 1e-10
289 254.163 -1.74533 -0.7 -163.22 0.149681 0.000988738 1e-10
290 254.25 -1.74533 -0.65 -163.4 -0.0436194 0.00344257 1e-10
291 254.163 -1.74533 -0.6 -163.24 -0.157298 0.00533819 1e-10
292 254.25 -1.74533 -0.55 -163.38 -0.282388 0.00443053 1e-10
293 254.337 -1.74533 -0.6 -163.52 -0.528753 0.0187178 1e-10
294 254.337 -1.74533 0.6 -79.546 0.538789 0.00160844 1e-10
295 254.25 -1.74533 0.55 -79.335 0.284703 -0.000668671 1e-10
296 254.163 -1.74533 0.6 -79.158 0.162265 0.00102209 1e-10
297 254.25 -1.74533 0.65 -79.371 -0.0439681 -0.00310242 1e-10
298 254.163 -1.74533 0.7 -79.165 -0.15635 -0.00503417 1e-10
299 254.25 -1.74533 0.75 -79.362 -0.272803 -0.0045442 1e-10
300 254.337 -1.74533 0.7 -79.544 -0.526332 -0.00593782 1e-10
301 254.987 -1.74533 -0.05 -10.537 0.53383 -0.010352 1e-10
302 254.9 -1.74533 -0.1 -10.358 0.266892 -0.00639585 1e-10
303 254.813 -1.74533 -0.05 -10.21 0.165508 -0.00701837 1e-10
304 254.9 -1.74533 -1.00926e-08 -10.362 -0.0425732 -0.00548016 1e-10
305 254.813 -1.74533 0.05 -10.223 -0.148789 -0.00466086 1e-10
306 254.9 -1.74533 0.1 -10.386 -0.283336 -0.0055645 1e-10
307 254.987 -1.74533 0.05 -10.559 -0.501052 -0.00338775 1e-10
308 253.687 -0.698132 -0.05 -244.42 0.537465 -0.00713365 1e-10
309 253.6 -0.698132 -0.1 -244.25 0.27901 -0.00497293 1e-10
310 253.513 -0.698132 -0.05 -244.1 0.167172 -0.00109337 1e-10
311 253.6 -0.698132 2.87319e-08 -244.27 -0.0437938 -0.000129517 1e-10
312 253.513 -0.698132 0.05 -244.12 -0.160486 0.00193073 1e-10
313 253.6 -0.698132 0.1 -244.28 -0.277389 0.0014006 1e-10
314 253.687 -0.698132 0.0500001 -244.44 -0.530875 0.00224398 1e-10
315 254.337 -0.698132 -0.7 -169.56 0.531343 0.00987275 1e-10
316 254.25 -0.698132 -0.75 -169.39 0.282806 0.00763964 1e-10
317 254.163 -0.698132 -0.7 -169.27 0.163901 0.00459535 1e-10
318 254.25 -0.698132 -0.65 -169.38 -0.0427475 0.00181219 1e-10
319 254.163 -0.698132 -0.6 -169.23 -0.158016 -0.000211912 1e-10
320 254.25 -0.698132 -0.55 -169.37 -0.279456 -0.00108741 1e-10
321 254.337 -0.698132 -0.6 -169.55 -0.528383 -0.00650518 1e-10
322 254.337 -0.698132 0.6 -85.571 0.546754 0.00190298 1e-10
323 254.25 -0.698132 0.55 -85.399 0.277193 0.00864215 1e-10
324 254.163 -0.698132 0.6 -85.191 0.151233 0.0135504 1e-10
325 254.25 -0.698132 0.65 -85.414 -0.0429219 0.0194355 1e-10
326 254.163 -0.698132 0.7 -85.198 -0.158332 0.0213842 1e-10
327 254.25 -0.698132 0.75 -85.385 -0.275572 0.024454 1e-10
328 254.337 -0.698132 0.7 -85.566 -0.525441 0.025527 1e-10
329 254.987 -0.698132 -0.05 -13.491 0.54595 -0.0140534 1e-10
330 254.9 -0.698132 -0.1 -13.322 0.292168 -0.0149974 1e-10
331 254.813 -0.698132 -0.05 -13.187 0.154741 -0.0093459 1e-10
332 254.9 -0.698132 3.84492e-08 -13.332 -0.0443168 -0.00799239 1e-10
333 254.813 -0.698132 0.05 -13.173 -0.150083 -0.00761485 1e-10
334 254.9 -0.698132 0.1 -13.296 -0.275935 -0.00824541 1e-10
335 254.987 -0.698132 0.05 -13.501 -0.525763 -0.00685176 1e-10
